circ_id	circ_name	baseMean	log2FoldChange	lfcSE	stat	pvalue	padj	Z300_1SF	Z300_3SF	Z300_1PF	Z300_2PF	Z300_3PF	Z30_1SF	Z30_2SF	Z30_3SF	Z30_1_PF	Z30_3PF
1:82875117|82891579	sus_circME1_14	247.213019356213	2.2027286439358	0.506044626753443	4.35283476492484	1.34388438893676e-05	0.00585485632113448	376.613062858609	765.656844737264	364.420732464435	246.245327471479	277.372346281587	24.264416405998	88.0229799826275	143.657126442756	19.8961072693636	165.981249648013
11:69792527|69794145	sus_circNALCN_10	12.8466523767621	2.82149356189925	0.691302486594654	4.08141676995535	4.476200706168e-05	0.0117007886459231	33.8782365390053	41.0374079778416	23.2228898139101	5.54606593404231	7.95740337693077	3.23525552079973	4.55291275772211	5.52527409395215	3.51107775341711	0
12:38796303|38800438	sus_circACACA_110	19.8097855425072	2.02810885089624	0.526404722347928	3.85275580707226	0.000116795855200965	0.0209531995564842	30.4904128851048	25.2970323151078	63.4163529533698	12.2013450548931	27.2825258637626	2.4264416405998	7.58818792953686	11.0505481879043	5.85179625569519	12.4932123390978
14:40712179|40715025	sus_circSPPL3_3	7.53413704566617	3.14572694358325	0.871230311331488	3.61067206072718	0.000305404618288406	0.0399163836102947	2.25854910260036	23.6105634941007	10.7182568371893	27.7303296702115	3.41031573297033	1.61762776039987	0	2.76263704697607	2.34071850227808	0.892372309935556
3:107146965|107147569	sus_circBIRC6_178	4.99006360536866	3.80586129216115	0.993751712783869	3.82979092584355	0.000128252177851472	0.0209531995564842	11.2927455130018	6.74587528402876	12.5046329767208	5.54606593404231	10.230947198911	0	1.51763758590737	0	1.17035925113904	0.892372309935556
6:115546277|115574834	sus_circB4GALT6_10	17.5281472061408	2.44520991258542	0.59731143492005	4.09369345643401	4.24555531947826e-05	0.0117007886459231	55.3344530137087	44.9725018935251	25.9024540232074	13.3105582417015	7.95740337693077	8.08813880199932	9.10582551544423	4.14395557046411	4.68143700455615	1.78474461987111
11:3237458|3242632	sus_circNUP58_15	6.87069052535202	-5.89414703625488	1.06628503105941	-5.52774058020747	3.24381231679674e-08	4.23966269805334e-05	0	0	0	1.10921318680846	0	6.47051104159946	21.2469262027032	16.5758222818564	11.7035925113904	11.6008400291622
2:15322375|15323114	sus_circMADD,NR1H3_14	41.8994133103677	-1.49676921410383	0.324557884377153	-4.61171731192487	3.9935585851705e-06	0.00260979053540892	14.6805691669023	17.98900075741	25.9024540232074	34.3856087910623	18.1883505758417	62.2786687753948	48.5644027490359	70.4472446978898	63.199399561508	63.3584340054245
7:121661478|121661871	sus_circENSSSCG00000051274_3	7.15248125819969	-4.50581224482936	1.16561923453488	-3.86559530876934	0.000110818561842065	0.0209531995564842	1.12927455130018	0.562156273669063	0	1.10921318680846	0	8.08813880199932	51.5996779208506	5.52527409395215	3.51107775341711	0
