circ_id	circ_name	baseMean	log2FoldChange	lfcSE	stat	pvalue	padj	W180_1SF	W180_2SF	W180_3SF	W180_1PF	W180_2PF	W180_3PF	W30_1SF	W30_2SF	W30_3SF	W30_1PF	W30_2PF	W30_3PF
12:20118352|20123255	sus_circEZH1_8	12.4174522917061	1.43756039143079	0.379517773096527	3.787860525481	0.000151950103854297	0.0457065912393725	19.4877793108846	13.6820057654122	14.4760265903602	20.3371580994675	24.9127272853809	16.7480562040254	1.56602748894192	6.25124127216455	7.4354752797933	8.57661368866829	7.82318040523145	7.71313611014349
12:38711800|38716290	sus_circACACA_51	21.9988990310535	1.50355545050897	0.350198805487236	4.29343397792877	1.7593064665977e-05	0.0105839877030518	30.1174771168217	31.6396383325156	29.9860550800319	17.0031977552925	42.4981818397673	42.3935172664393	14.0942474004773	15.6281031804114	13.8087398053304	7.35138316171568	13.0386340087191	6.42761342511957
12:39366927|39391822	sus_circENSSSCG00000039569,ENSSSCG00000034371,ENSSSCG00000031292_2	813.03676696486	1.33824667890957	0.351761929575971	3.80441021722489	0.000142142455150584	0.0457065912393725	2396.99685523881	938.072520291072	1313.18241212554	960.180579122398	553.209091190075	830.598912368385	700.01428755704	418.833165235025	724.427734402719	215.64057274366	423.75560528337	281.529468020237
2:138296075|138308679	sus_circSMAD5_1	2.56980399698108	4.52673986625873	1.08707092889985	4.16416237976295	3.12497663373195e-05	0.0156665495237762	7.08646520395804	5.13075216202956	7.23801329518012	1.33358413767	2.19818181929831	7.85065134563691	0	0	0	0	0	0
9:19892116|19913189	sus_circPICALM_72	54.8197053832025	1.22317462840013	0.26029385122832	4.69920677199249	2.61173921509439e-06	0.00392805577950196	70.8646520395804	68.4100288270608	54.8021006635066	80.3484442946174	83.5309091333358	103.105221006031	15.6602748894192	31.2562063608228	25.4930581021485	34.3064547546732	50.8506726340044	39.2084418932294
13:31673546|31676127	sus_circQRICH1_6	23.3545777281754	-2.52873164666416	0.534348448707848	-4.73236453250512	2.21919407633675e-06	0.00392805577950196	19.4877793108846	4.2756268016913	7.23801329518012	2.66716827534	3.66363636549718	7.32727458926112	42.282742201432	42.1958785871107	3.18663226276856	37.982146335531	48.2429458322606	61.7050888811479
17:53037004|53043217	sus_circATP9A_54	17.1064115233303	-1.31444619220094	0.344194199156208	-3.81890861444878	0.000134043405162576	0.0457065912393725	19.4877793108846	8.5512536033826	11.3740208924259	7.66810879160249	6.59454545789493	8.8974048583885	26.6224673120127	10.939672226288	22.3064258393799	23.2793800120997	29.9888582200539	29.56702175555
6:106936502|106958839	sus_circMIB1_10	2.17143448453893	-4.97942073534836	1.28011931739594	-3.88980985419206	0.000100322798672491	0.0431101397724076	0	0	0	0	0	0	6.2641099557677	0	5.31105377128093	6.12615263476307	0	8.35589745265545
7:78055271|78056399	sus_circ7:78055271|78056399	31.0991340530922	-1.24073271558842	0.269990740164417	-4.5954639586263	4.31787425658355e-06	0.00432938858793444	17.7161630098951	27.3640115308243	22.7480417848518	16.3364056864575	13.1890909157899	15.7013026912738	29.7545222898966	32.8190166788639	49.9239054500408	55.1353737128676	41.723628827901	50.7781460584446
