circ_id	circ_name	baseMean	log2FoldChange	lfcSE	stat	pvalue	padj	M300_1SF	M300_2SF	M300_3SF	M300_1PF	M300_2PF	M300_3PF	M30_1SF	M30_2SF	M30_3SF	M30_2PF	M30_3PF	M30_4PF
1:82875117|82891579	sus_circME1_14	596.832422643239	2.74056020620956	0.63871734034586	4.29072460241265	1.78091061379152e-05	0.0129917429276091	1297.31169140597	2040.44514408883	902.240012701385	656.797058002245	1133.62414742834	198.418210044555	442.861659779917	114.429904087911	190.302605816508	73.4178569114846	77.3617285769693	34.7790528747496
13:95702963|95703536	sus_circENSSSCG00000025316_12	24.2208907815986	1.55597849856967	0.357301017684956	4.35481126992374	1.33181611845188e-05	0.0116587183009278	48.9196576889852	37.3414797611027	54.6092639266628	30.4941491215328	26.3378311115975	20.1899231273407	14.2858599929006	17.3087249880873	3.78084647317565	11.2286134099918	12.5451451746437	13.6091946031629
1:75718076|75739270	sus_circFIG4_6	2.11184097800045	-4.56652493715285	1.09969131272792	-4.15255161543926	3.28788563819091e-05	0.0205586791976594	0	0	0	0	0	0	3.29673692143859	5.76957499602911	5.04112863090087	2.59121847922887	2.09085752910728	6.55257517930064
12:23106467|23107649	sus_circPLXDC1_2	2.68209119014447	-4.90439359939103	1.07587331892219	-4.55852330672561	5.15145486106475e-06	0.0103534493351211	0	0	0	0	0	0	8.79129845716957	4.80797916335759	1.26028215772522	3.45495797230516	7.31800135187547	6.55257517930064
13:100108435|100110232	sus_circSMC4_38	9.25187508182454	-4.17028969733665	0.900613223585547	-4.63050018379008	3.64783459309784e-06	0.0103534493351211	0	2.66724855436448	0	1.17285188928972	2.19481925929979	0	3.29673692143859	9.61595832671518	1.26028215772522	31.0946217507464	20.9085752910728	38.8114068312423
15:31366888|31387416	sus_circPTPN4_56	2.38179092909548	-4.17565907511745	1.05602119919729	-3.95414322959756	7.68093892479656e-05	0.0373549663042606	0.940762647865101	0	0	0	0	0	6.59347384287718	4.80797916335759	6.30141078862609	4.31869746538144	2.09085752910728	3.52830971193112
2:132325084|132337186	sus_circADAMTS19_26	11.2714406751653	-2.398179822147	0.53402293945942	-4.49078053571	7.09626410906177e-06	0.0103534493351211	1.8815252957302	3.55633140581931	3.56147373434757	1.17285188928972	1.0974096296499	9.0506551950148	13.1869476857544	28.8478749801455	25.2056431545043	9.50113442383918	25.0902903492873	13.1051503586013
3:33789131|33791943	sus_circUSP7_11	13.0914068683245	-1.9034249972509	0.475552338267896	-4.00255627841879	6.26617559637663e-05	0.0342838132316756	0.940762647865101	8.00174566309345	7.12294746869514	2.34570377857945	5.48704814824948	9.0506551950148	15.3847723000468	15.3855333227443	8.82197510407652	30.2308822576701	25.0902903492873	29.2345661845721
9:19883798|19913189	sus_circPICALM_61	18.8066670107962	-2.49044588250592	0.568163751838657	-4.38332412873311	1.16882012073981e-05	0.0116587183009278	0.940762647865101	5.33449710872896	7.12294746869514	7.03711133573834	13.1689155557987	1.39240849154074	8.79129845716957	33.6558541435031	11.342539419527	57.8705460361114	53.3168669922356	25.706256472641
