circ_name	circ_id	baseMean	log2FoldChange	lfcSE	stat	pvalue	padj	W300_1SF	W300_2SF	W300_3SF	W300_1PF	W300_2PF	W300_3PF	Z300_1SF	Z300_3SF	Z300_1PF	Z300_2PF	Z300_3PF
sus_circ8:85769729|85774255	8:85769729|85774255	1.86824366765246	4.51792848796443	1.28816681863709	3.507254202328	0.000452756414134795	0.0432548018089266	5.55107955155621	6.97750912503523	3.03229523895216	2.53769052597446	0	2.45210590265906	0	0	0	0	0
sus_circACACA_110	12:38796303|38800438	95.7181425653894	2.22876998845657	0.486503749327177	4.58119796926315	4.62319934265361e-06	0.00181090718251742	183.185625201355	66.2863366878347	173.851593699924	173.83180102925	28.8071791397927	267.769964570369	30.2825658180665	25.7039919851295	64.5552633825881	12.0404117445074	26.5848349604663
sus_circCCDC81,HIKESHI_43	9:20275561|20278374	4.0732432341913	5.64850386815012	1.230444292222	4.59062137461727	4.41928376285396e-06	0.00181090718251742	15.2654687667796	6.97750912503523	15.1614761947608	0	1.51616732314699	5.88505416638174	0	0	0	0	0
sus_circCOG3_34	11:21789455|21805764	7.63845426889731	4.26447129803366	0.985973459053351	4.32513802362191	1.52436387489447e-05	0.00497577774830137	1.38776988788905	12.7921000625646	19.2045365133637	7.61307157792337	33.3556811092337	6.86589652744536	2.8039412794506	0	0	0	0
sus_circCOG3_39	11:21791604|21805764	3.09968040206675	4.01030357603479	1.09878976176045	3.64974603477337	0.000262499709754226	0.0313770562207099	5.55107955155621	10.4662636875528	5.0538253982536	2.53769052597446	6.06466929258795	2.94252708319087	0	0.571199821891766	0.909229061726593	0	0
sus_circCPED1_10	18:25791450|25809926	17.3125165420555	1.62540250470719	0.467256806993231	3.47860636887573	0.000504028359131424	0.0438728685048398	37.4697869730044	25.5842001251292	18.193771433713	26.6457505227318	21.2263425240578	22.0689531239315	16.8236476767036	3.99839875324236	11.8199778024457	3.28374865759294	3.32310437005829
sus_circDCAF6_2	4:82918471|82923165	6.9515652104558	3.61539998225478	0.783661035358168	4.6134742179728	3.9599340402978e-06	0.00181090718251742	6.93884943944526	15.1179364375763	12.1291809558086	15.2261431558467	12.1293385851759	9.80842361063623	0	0.571199821891766	4.54614530863296	0	0
sus_circENSSSCG00000007203_1	17:34722015|34724622	2.75429812260418	4.50817482803764	1.28276167189643	3.51442900642078	0.000440700452355695	0.0432548018089266	11.1021591031124	0	2.02153015930144	3.80653578896169	1.51616732314699	11.2796871522317	0	0.571199821891766	0	0	0
sus_circENSSSCG00000011237_32	13:19630228|19633159	3.48324145485435	5.40901246870037	1.10715138130376	4.88552203433179	1.03155168184747e-06	0.000808117587559306	4.16330966366715	9.30334550004697	3.03229523895216	6.34422631493614	9.09700393888192	6.37547534691355	0	0	0	0	0
sus_circENSSSCG00000012693_6	X:110890003|110963021	6.03231070439472	4.61123013661472	1.07937969242722	4.27211125887071	1.9363091849796e-05	0.00541751648397507	0	9.30334550004697	19.2045365133637	17.7638336818212	7.58083661573493	10.7892659716999	0	1.7135994656753	0	0	0
sus_circENSSSCG00000014996_2	9:35157458|35158313	2.19353287188532	4.11222119895136	1.19768869610838	3.4334641483326	0.0005959210069456	0.0490212137582021	5.55107955155621	6.97750912503523	1.01076507965072	2.53769052597446	4.54850196944096	2.94252708319087	0.560788255890121	0	0	0	0
sus_circENSSSCG00000017608_5	12:32060088|32067455	41.8910200777102	1.37520526657026	0.394294753999481	3.48775948100001	0.00048708603144337	0.0438728685048398	66.6129546186745	54.6571548127759	40.4306031860288	57.0980368344253	60.6466929258795	70.6206499965809	28.039412794506	37.1279884229648	9.09229061726593	6.56749731518588	29.9079393305246
sus_circENSSSCG00000046743_7	11:9894098|9897074	2.26536823576164	4.78728985454732	1.16256514229094	4.11786804919467	3.82393524659871e-05	0.00881079668289832	4.16330966366715	4.65167275002348	5.0538253982536	5.07538105194892	3.03233464629397	2.94252708319087	0	0	0	0	0
sus_circENSSSCG00000047585_1	13:46309205|46309653	3.16678210731657	5.26294113868327	1.17853138994127	4.465677523401	7.98157571427246e-06	0.0028421665520732	5.55107955155621	11.6291818750587	9.09688571685648	2.53769052597446	4.54850196944096	1.47126354159544	0	0	0	0	0
sus_circFAN1_16	1:143941637|143956550	1.74047067596492	4.43117953238168	1.25678481460345	3.52580607347633	0.000422196001670803	0.0432548018089266	1.38776988788905	1.16291818750587	5.0538253982536	5.07538105194892	3.03233464629397	3.43294826372268	0	0	0	0	0
sus_circKCTD9_13	14:9478895|9498411	44.2865607623115	1.31281132465634	0.369617509824214	3.55181042500043	0.000382590400599119	0.0428173314041928	41.6330966366715	118.617655125599	58.6243746197418	43.1407389415658	71.2598641879084	32.8582190956314	28.039412794506	30.8447903821554	23.6399556048914	22.9862406031506	15.5078203936053
sus_circLYST_79	14:55594527|55599982	2.12266475773743	4.6751063060127	1.26321583058986	3.70095607797256	0.000214788655921593	0.0280442388414959	5.55107955155621	4.65167275002348	6.06459047790432	5.07538105194892	1.51616732314699	0.490421180531812	0	0	0	0	0
sus_circMADD,NR1H3_14	2:15322375|15323114	39.888680796878	1.31891767797385	0.316561807462883	4.16638282597781	3.0947084319204e-05	0.00757623307989514	45.7964063003387	47.6796456877407	48.5167238232346	81.2060968311826	57.6143582795855	47.0804333310539	14.5804946531431	18.2783943005365	26.3676427900712	33.9320694617937	17.7232233069775
sus_circMBNL2_3	11:66535744|66536519	30.1157121350279	1.31574042061342	0.325870277533244	4.03762021677228	5.39961757596373e-05	0.0117501678028055	52.735255739784	50.0054820627525	40.4306031860288	24.1080599967573	33.3556811092337	48.0612756921175	16.8236476767036	21.7055932318871	15.4568940493521	17.513326173829	11.077014566861
sus_circMED12L_4	13:91310020|91314586	10.5276427345927	4.25226080141373	0.919999837072827	4.62202342876842	3.80015082797173e-06	0.00181090718251742	6.93884943944526	3.48875456251761	2.02153015930144	10.1507621038978	42.4526850481156	45.6091697894585	1.12157651178024	0	1.81845812345319	1.09458288586431	1.1077014566861
sus_circMICU3_26	17:4802543|4823695	4.74046807396442	4.70015224977355	1.0969856612633	4.28460682372167	1.83062635761983e-05	0.00541751648397507	9.71438921522336	13.9550182500705	3.03229523895216	13.9572978928595	1.51616732314699	8.82758124957261	0	1.14239964378353	0	0	0
sus_circRB1_7	11:19200035|19204789	13.2848277664783	1.60843587891519	0.469521399059253	3.42569237981037	0.000613234484082691	0.0490212137582021	12.4899289910015	23.2583637501174	13.1399460354594	10.1507621038978	36.3880157555277	19.1264260407407	6.72945907068145	3.4271989313506	8.18306155553933	4.37833154345725	8.86161165348877
sus_circRETSAT_4	3:59405322|59414031	3.84046405314387	3.94175279206534	1.04937210619924	3.75629652129989	0.000172446358130793	0.025017495733271	4.16330966366715	9.30334550004697	4.04306031860288	12.6884526298723	1.51616732314699	8.82758124957261	0.560788255890121	1.14239964378353	0	0	0
sus_circSETBP1_1	1:94314527|94315177	26.7248407322102	1.40652699679728	0.376990756334311	3.73093231906722	0.000190772473572649	0.026687706392288	19.4287784304467	31.3987910626585	42.4521333453302	55.8291915714381	39.4203504018216	35.3103249982904	11.7765533736925	19.4207939443201	8.18306155553933	21.8916577172863	8.86161165348877
sus_circSH3GLB1_9	4:129368386|129385680	29.5565869353102	1.22350239114488	0.349963956450546	3.49608114948197	0.000472145089091881	0.0438728685048398	55.5107955155621	44.1908911252231	36.3875428674259	25.3769052597446	45.4850196944096	32.8582190956314	16.2628594208135	17.7071944786448	11.8199778024457	29.5537379183365	9.96931311017486
sus_circUHRF1BP1L_72	5:84007999|84034579	3.28840767655784	4.71063267814016	1.12577088718583	4.18436178423097	2.8596837399336e-05	0.00746758747287995	12.4899289910015	3.48875456251761	5.0538253982536	7.61307157792337	3.03233464629397	3.92336944425449	0	0.571199821891766	0	0	0
sus_circUTRN_108	1:20819147|20821172	7.03455556614469	1.99939662850731	0.568893422256588	3.51453637937392	0.000440522328709641	0.0432548018089266	5.55107955155621	8.1404273125411	12.1291809558086	15.2261431558467	10.6131712620289	12.7509506938271	3.36472953534073	2.85599910945883	4.54614530863296	1.09458288586431	1.1077014566861
sus_circXPO7_23	14:6264128|6268940	7.85865205254511	3.2073261668879	0.935742965686924	3.42757176329231	0.000609005314666625	0.0490212137582021	0	2.32583637501174	4.04306031860288	5.07538105194892	30.3233464629397	37.2720097204177	1.12157651178024	1.14239964378353	1.81845812345319	0	3.32310437005829
sus_circZMYM2_19	11:675689|683082	9.26615967570192	1.95839727214651	0.508073408300602	3.8545557396852	0.000115939967743894	0.020642584256947	19.4287784304467	6.97750912503523	17.1830063540622	15.2261431558467	16.6778405546168	8.82758124957261	3.36472953534073	3.99839875324236	3.63691624690637	3.28374865759294	3.32310437005829
sus_circB4GALT6_10	6:115546277|115574834	15.9251917607174	-2.7300689479925	0.582672842057518	-4.68542336442549	2.79381823035395e-06	0.00181090718251742	8.32661932733431	1.16291818750587	2.02153015930144	3.80653578896169	6.06466929258795	5.88505416638174	54.9572490772319	45.6959857513413	26.3676427900712	13.1349946303718	7.75391019680267
sus_circB4GALT6_9	6:115537831|115574834	4.76004300578841	-3.93170149915184	1.01090943054958	-3.88927175900848	0.000100545478662703	0.0196918319960904	0	0	3.03229523895216	0	0	0.490421180531812	15.7020711649234	19.9919937662118	5.45537437035956	5.47291442932157	2.21540291337219
sus_circBRD4_9	2:62312200|62313757	4.78078749050508	-3.16838596156655	0.854948414439285	-3.70593816896488	0.000210609679005634	0.0280442388414959	0	1.16291818750587	0	0	0	3.43294826372268	10.0941886060222	14.8511953691859	5.45537437035956	10.9458288586431	6.64620874011657
sus_circENSSSCG00000012362_22	X:50389422|50425041	3.62171031878423	-3.86354701305602	1.00825736372335	-3.83190557496996	0.000127154544661065	0.0216549718016257	2.7755397757781	0	0	0	0	0.490421180531812	5.60788255890121	11.9951962597271	9.09229061726593	7.66208020105019	2.21540291337219
sus_circENSSSCG00000037775_3	AEMK02000452.1:3658935|3676900	2.65520043974009	-4.87065720551699	1.35797826885431	-3.58669745844035	0.000334892492642014	0.0385815851081991	0	0	0	0	0	0	8.41182383835181	0	0.909229061726593	4.37833154345725	15.5078203936053
sus_circENSSSCG00000045477,ENSSSCG00000009633_2	14:7274779|7366524	4.64127469300843	-5.69958657937519	1.00798631795208	-5.65442851541377	1.56365657719449e-08	3.06242140643541e-05	0	0	0	0	0	0	9.53340035013206	13.1375959035106	11.8199778024457	4.37833154345725	12.1847160235471
sus_circENSSSCG00000045919_13	9:121610724|121631279	6.07078441987902	-3.08934685530174	0.818013237138066	-3.77664653216402	0.000158954060087009	0.0249049221344326	5.55107955155621	0	0	3.80653578896169	0	0	14.019706397253	5.1407983970259	11.8199778024457	12.0404117445074	14.4001189369192
sus_circENSSSCG00000050244_59	12:59320434|59323398	2.30555259389343	-4.65596517411173	1.22967520615995	-3.78633736029488	0.000152884080863492	0.0249049221344326	0	0	0	0	0	0	1.12157651178024	5.71199821891766	0.909229061726593	8.75666308691451	8.86161165348877
sus_circFCHSD2_23	9:7476478|7481586	44.4853676655937	-1.47669997086915	0.282028203846253	-5.23600104787454	1.640930207731e-07	0.000160688090592058	23.5920880941139	19.7696091875998	25.269126991268	21.5703694707829	22.7425098472048	32.8582190956314	60.5651316361331	85.6799732837649	72.7383249381274	51.4453956356227	73.1082961412823
sus_circLIFR_19	16:23740869|23746765	6.62073337028347	-2.35705976458158	0.670146770854097	-3.51722916097548	0.000436077122567358	0.0432548018089266	0	1.16291818750587	1.01076507965072	0	9.09700393888192	2.94252708319087	11.2157651178024	11.4239964378353	17.2753521728053	10.9458288586431	7.75391019680267
sus_circODR4_27	9:127566656|127577646	9.34500792359018	-4.58063076247517	0.777493239836721	-5.8915377366331	3.82618257763328e-09	1.49871571565896e-05	2.7755397757781	1.16291818750587	0	0	0	0.980842361063623	26.3570480268357	15.4223951910777	20.9122684197116	21.8916577172863	13.2924174802331
sus_circSEC24B_26	8:112685624|112686605	8.07033486805802	-2.7316823260734	0.777898948053673	-3.51161591477678	0.00044539118305277	0.0432548018089266	0	3.48875456251761	0	2.53769052597446	4.54850196944096	2.94252708319087	6.72945907068145	16.5647948348612	13.6384359258989	37.2158181193867	1.1077014566861
sus_circSTXBP3_9	4:111245266|111251135	49.2068563439506	-1.39208586776223	0.354171598671638	-3.93054065595156	8.47550598516732e-05	0.017472924707316	23.5920880941139	30.2358728751527	18.193771433713	29.1834410487063	54.5820236332915	16.1838989575498	44.8630604712097	82.2527743524143	63.6460343208615	75.5262191246376	103.016235471807
sus_circTTC13_2	14:59432075|59439450	19.5781066322754	-1.76068267470155	0.482650513294061	-3.64794530660497	0.000264345891060359	0.0313770562207099	6.93884943944526	3.48875456251761	18.193771433713	10.1507621038978	1.51616732314699	14.2222142354225	25.7962597709456	41.1263871762072	25.4584137283446	17.513326173829	50.9542670075604
sus_circU6,MVB12B_8	1:266981815|266999838	7.52231182927238	-1.92941407345479	0.564125844696245	-3.42018379692157	0.000625788395684785	0.0490242629179461	6.93884943944526	1.16291818750587	5.0538253982536	0	1.51616732314699	4.41379062478631	10.0941886060222	11.9951962597271	11.8199778024457	13.1349946303718	16.6155218502914
sus_circUBAP2_5	10:32800584|32827084	36.1298420566414	-1.53519190507072	0.415956467836279	-3.690751373711	0.000223592604200826	0.0282520074404721	16.6532386546686	40.7021365627055	10.1076507965072	21.5703694707829	4.54850196944096	22.0689531239315	61.6867081479133	55.4063827235013	69.101408691221	65.6749731518588	29.9079393305246
sus_circUGP2_12	3:78013714|78014790	4.84413469566412	-2.38452351251761	0.685266086235601	-3.4797045416571	0.000501967030309215	0.0438728685048398	1.38776988788905	1.16291818750587	2.02153015930144	0	1.51616732314699	2.94252708319087	10.0941886060222	6.85439786270119	6.36460343208615	8.75666308691451	12.1847160235471
sus_circUSP18_2	5:70205042|70206412	2.7319716017092	-4.37912121671035	1.1322607959528	-3.86759060488824	0.000109915994375655	0.0205019499985449	0	0	0	1.26884526298723	0	0	5.60788255890121	7.99679750648473	0.909229061726593	10.9458288586431	3.32310437005829
sus_circX:49742406|49742743	X:49742406|49742743	11.4978597377993	-3.21976378690321	0.60737821724801	-5.30108537887932	1.15116234130461e-07	0.000150303429696339	6.93884943944526	0	1.01076507965072	5.07538105194892	0	1.96168472212725	17.3844359325937	18.8495941224283	40.0060787159701	16.4187432879647	18.8309247636636
