circ_name	circ_id	baseMean	log2FoldChange	lfcSE	stat	pvalue	padj	M300_1SF	M300_2SF	M300_3SF	M300_1PF	M300_2PF	M300_3PF	Z300_1SF	Z300_3SF	Z300_1PF	Z300_2PF	Z300_3PF
sus_circ7:78055271|78056399	7:78055271|78056399	31.0219122789547	2.00381895852188	0.40902357355325	4.89903049135871	9.6310699050409e-07	0.000399154341620028	37.2479193016886	40.5925432858596	48.2099094333295	45.1751136928943	26.285240128424	83.9027320680042	4.73246684076255	11.5252287082145	17.7203158075792	18.6163417908752	7.23322401086998
sus_circACVR2A_15	15:4207163|4211249	19.578267019891	1.62695554804414	0.379796450633931	4.28375658942713	1.83763949291019e-05	0.00489599664896786	15.2811976622312	29.767865076297	37.0845457179458	36.6284705618062	19.4282209644873	31.6475217449489	10.6480503917157	7.88568280035732	9.32648200398904	11.635213619297	6.02768667572498
sus_circAPBB2_6	8:31993513|31997428	13.9886909170452	1.93269231434688	0.483709951563069	3.99556037270175	6.45414064249467e-05	0.0141611438802971	20.0565719316785	18.0411303492709	32.1399396222197	13.4304392059956	12.5712018005506	28.7035662337909	1.77467506528596	4.85272787714297	5.59588920239342	4.65408544771881	12.05537335145
sus_circARFGAP3_14	5:6010064|6014815	9.99526719321209	2.35393285768552	0.56022872382998	4.20173539406005	2.64876629790574e-05	0.00658659886079228	13.3710479544523	27.9637520413699	17.3061213350414	12.2094901872687	11.4283652732278	12.5118109224217	3.54935013057191	1.81977295392861	7.46118560319123	2.3270427238594	0
sus_circATP2C1_56	13:1529653|1540269	8.36416446385703	2.49242939941468	0.638115170360257	3.905924063845	9.38659876940488e-05	0.0184273754788843	10.505823392784	5.41233910478128	24.7230304786305	18.3142352809031	11.4283652732278	8.83186653347413	1.77467506528596	0.606590984642871	0.932648200398904	4.65408544771881	4.82214934057999
sus_circCREB5_7	18:44166842|44186515	4.57231036501678	5.74145922167846	1.29514555140006	4.43306099107695	9.29045705846591e-06	0.00304071528811906	0.95507485388945	3.60822606985419	6.18075761965763	0	15.9997113825189	23.5516440892643	0	0	0	0	0
sus_circENSSSCG00000017608_5	12:32060088|32067455	59.3767160260368	1.9053834263945	0.423149142049519	4.50286491700252	6.70435001882301e-06	0.00250072255702098	60.1697157950354	141.622873241777	45.7376063854665	75.6988391610661	89.141249131177	122.910142590848	29.5779177547659	39.4284140017866	9.32648200398904	6.98112817157821	32.5495080489149
sus_circHSD17B7_9	4:87720879|87733052	2.7380635393104	4.38667311487927	1.16545754857469	3.76390639045067	0.000167279524109318	0.027128374996859	0.95507485388945	9.02056517463547	3.70845457179458	6.10474509363436	4.57134610929113	5.15192214452657	0	0.606590984642871	0	0	0
sus_circKATNBL1_13	7:80344261|80346071	6.86712313914792	2.88923244744883	0.80211566164244	3.60201475374853	0.000315760438847915	0.0452994783424125	10.505823392784	3.60822606985419	22.2507274307675	1.22094901872687	5.71418263661391	25.0236218448434	2.36623342038127	1.81977295392861	1.86529640079781	1.1635213619297	0
sus_circMGA_57	1:129687076|129688206	41.6398804280178	1.21670086018649	0.321394893698131	3.78568821111786	0.000153283767287914	0.0270103241715835	74.4958386033771	46.0048823906409	84.0583036273438	50.0589097678018	39.9992784562974	44.1593326673706	36.6766180159097	22.4438664317862	23.3162050099726	15.1257777050861	21.6996720326099
sus_circNBAS_94	3:122089927|122094251	13.3927906723833	2.65798246450789	0.542080531247107	4.90329814721985	9.42407780592719e-07	0.000399154341620028	13.3710479544523	22.5514129365887	28.4314850504251	13.4304392059956	10.285528745905	41.9513660340021	2.95779177547659	3.03295492321435	6.52853740279233	1.1635213619297	3.61661200543499
sus_circPRC1_9	7:55863609|55864157	4.02421797679023	4.36680905493913	1.0988296625539	3.97405458166262	7.06593594138784e-05	0.0146421894785426	10.505823392784	6.31439562224483	12.3615152393153	6.10474509363436	1.14283652732278	6.62389990010559	0	1.21318196928574	0	0	0
sus_circRBKS_1	3:111323715|111359571	4.56511894619271	5.713927789308	1.11049350131969	5.14539507211674	2.66958385303806e-07	0.000167936917929822	9.5507485388945	11.7267347270261	14.8338182871783	7.32569411236123	4.57134610929113	2.20796663336853	0	0	0	0	0
sus_circZEB1_58	10:42185715|42194913	2.64893585480078	4.92489181410795	1.30423093594769	3.7760887879334	0.000159310222995935	0.0270103241715835	3.8202994155578	6.31439562224483	1.23615152393153	9.76759214981498	7.99985569125947	0	0	0	0	0	0
sus_circZNF185_2	X:123971870|123977816	2.58979568018432	4.92662306351713	1.34499160632627	3.66293963497197	0.000249337312780355	0.037201127066829	7.6405988311156	8.11850865717192	0	6.10474509363436	0	6.62389990010559	0	0	0	0	0
sus_circABCA6_36	12:11253178|11268222	79.7872490103858	-1.88439869822013	0.274221039530664	-6.87182391783402	6.33861668105206e-12	2.36430402203242e-08	41.0682187172464	43.2987128382502	32.1399396222197	32.9656235056256	42.2849515109429	24.2876329670538	111.804529113015	198.961842962862	110.98513584747	101.226358487884	138.636793541675
sus_circABL1_16	1:270899688|270900268	3.23736165451663	-4.73592833426352	1.07101012641005	-4.42192675632116	9.78246205292996e-06	0.00304071528811906	0	0	0	0	1.14283652732278	0	5.32402519585787	12.1318196928574	2.79794460119671	6.98112817157821	7.23322401086998
sus_circARHGEF28_12	2:82982339|82987046	3.01705603689229	-5.1308853041761	1.31948352110819	-3.88855580391548	0.000100842485890309	0.0188071236185426	0	0	0	0	0	0	2.95779177547659	5.45931886178584	1.86529640079781	0	22.9052093677549
sus_circB4GALT6_10	6:115546277|115574834	15.920082817655	-3.31027062179118	0.605147706823908	-5.47018617845385	4.49563072806863e-08	5.58956753856533e-05	4.77537426944725	5.41233910478128	1.23615152393153	2.44189803745374	4.57134610929113	0.73598887778951	57.9727187993412	48.5272787714297	27.0467978115682	13.9622563431564	8.43876134601498
sus_circB4GALT6_9	6:115537831|115574834	4.77463141863317	-5.34374673405146	1.07928324820323	-4.9511995511351	7.37574239711232e-07	0.000393021702017556	0	0.902056517463547	0	0	0	0	16.5636339426689	21.2306844625005	5.59588920239342	5.81760680964851	2.41107467028999
sus_circCARF_13	15:106414678|106437731	10.243055727515	-3.11629798192017	0.580148069187655	-5.37155624129496	7.80600139166462e-08	7.27909629772725e-05	1.9101497077789	1.80411303492709	2.47230304786305	7.32569411236123	1.14283652732278	0	22.4792174936221	14.5581836314289	19.585612208377	22.1069058766643	19.2885973623199
sus_circCARF_22	15:106414678|106465899	5.55157119776734	-3.82277436020609	1.03051316971026	-3.70958321792327	0.00020760071420237	0.0322646109989517	0	0	0	2.44189803745374	0	2.20796663336853	15.9720755875736	15.7713656007146	3.73059280159562	20.9433845147346	0
sus_circCSNK1G3_3	2:127051486|127065981	4.10988931523302	-5.58840239122027	1.01353218891834	-5.51378876006328	3.51190082266687e-08	5.58956753856533e-05	0	0	0	0	0	0	7.69025861623914	6.67250083107158	13.0570748055847	8.14464953350792	9.64429868115997
sus_circCYP2D25,NDUFA6,TCF20_2	5:6519442|6566862	4.13739180695025	-5.57999642028155	1.08493313497041	-5.14317080050626	2.70139814364325e-07	0.000167936917929822	0	0	0	0	0	0	7.69025861623914	4.2461368925001	3.73059280159562	8.14464953350792	21.6996720326099
sus_circFIG4_6	1:75718076|75739270	2.32117712937116	-4.76960677960241	1.17716714048745	-4.05176683544479	5.08323095256924e-05	0.011850282158177	0	0	0	0	0	0	1.77467506528596	5.45931886178584	11.1917784047868	3.49056408578911	3.61661200543499
sus_circHPS5_16	2:40910438|40920659	6.81049098934409	-2.78280187306052	0.641271249271366	-4.33950824432318	1.42801909778233e-05	0.00409731633440621	0	3.60822606985419	3.70845457179458	0	2.28567305464556	1.47197775557902	11.8311671019064	9.70545575428593	10.2591302043879	13.9622563431564	18.0830600271749
