circ_name	circ_id	baseMean	log2FoldChange	lfcSE	stat	pvalue	padj	M180_1SF	M180_2SF	M180_3SF	M180_1PF	M180_2PF	M180_3PF	Z180_1SF	Z180_2SF	Z180_3SF	Z180_1PF	Z180_2PF	Z180_3PF
sus_circ7:78055271|78056399	7:78055271|78056399	23.998310054317	1.95153310208569	0.368756417420949	5.29220105709495	1.20852919700137e-07	5.01690682905195e-05	36.8227045455529	35.1761775247385	40.7092062625089	21.8204822349874	54.9848429422121	39.5801942698166	6.12993304473328	12.7829453777565	17.4774846166718	10.9239919953001	3.968115004507	7.60364283301892
sus_circ9:31520031|31521019	9:31520031|31521019	3.21326232533445	4.17849486832689	1.16417511566523	3.58923224874055	0.000331653274062497	0.0174828654470088	0	6.31367288905562	2.5984599742027	1.55860587392767	10.9969685884424	15.013177136827	0	0	0	0	0.992028751126751	1.08623469043127
sus_circ9:31520031|31548885	9:31520031|31548885	2.55177331114323	3.85299683836343	1.19658002022036	3.22000766622684	0.00128187168683859	0.0392326202604105	0	5.41171961919053	2.5984599742027	2.33790881089151	12.8297966865162	5.45933714066436	0	0	0	0	1.9840575022535	0
sus_circACACA_110	12:38796303|38800438	94.859374952807	2.17854366959601	0.461370721591264	4.72189405968855	2.33658389747412e-06	0.000484987195219471	176.532377674269	200.23362591005	101.339938993905	112.219622922793	194.279778395816	147.402102797938	12.2598660894666	39.4140815814158	60.7550655722402	2.52092122968464	67.457955076619	23.897163189488
sus_circACACA_78	12:38741143|38744279	3.76714136524514	2.79525358968401	0.858645384421076	3.25542259982991	0.00113223753161602	0.0392326202604105	2.16604144385606	8.1175794287858	7.79537992260809	3.11721174785535	4.58207024518434	13.6483428516609	0	2.13049089629275	1.66452234444494	0	1.9840575022535	0
sus_circACBD5_18	10:48903085|48907143	2.17022870731287	4.67868601988093	1.23046086875188	3.80238505644375	0.000143309761152098	0.0091577842018114	11.9132279412083	3.60781307946035	3.46461329893693	1.55860587392767	5.49848429422121	0	0	0	0	0	0	0
sus_circACSS3_3	5:100294418|100311221	22.8783809702028	1.67129319041755	0.476257941853607	3.5092185211922	0.00044942548891042	0.021949147774581	23.8264558824166	41.4898504137941	14.7246065204819	45.9788732808664	37.5729760105116	45.0395314104809	5.36369141414162	5.32622724073186	20.8065293055617	1.68061415312309	9.9202875112675	22.8109284990568
sus_circAEMK02000561.1:44849|51101	AEMK02000561.1:44849|51101	130.526707873827	25.4738772493243	3.00339434798365	8.48169580742081	2.219351800888e-17	7.37046733074906e-14	455.9517239317	482.544999377822	0	0	0	627.823771176401	0	0	0	0	0	0
sus_circANKHD1_11	2:142195747|142196740	2.77800279115616	5.00933339876761	1.16846391680226	4.28711004827317	1.8101263122003e-05	0.00207290671821282	8.66416577542422	5.41171961919053	0	4.67581762178302	3.66565619614747	10.9186742813287	0	0	0	0	0	0
sus_circANTXR2_4	8:137747353|137772606	11.1763324105386	1.4147243796496	0.438841701678657	3.22376924125031	0.0012651530410398	0.0392326202604105	7.5811450534962	11.7253925082462	16.4569131699504	14.0274528653491	24.7431793239955	23.2021828478235	5.36369141414162	7.45671813702461	9.15487289444715	4.20153538280774	6.94420125788725	3.25870407129382
sus_circAPBB2_6	8:31993513|31997428	11.8201260816339	2.81280771005191	0.53374794488452	5.26991763998358	1.36484985703937e-07	5.03629597247528e-05	32.4906216578408	34.2742242548734	9.52768657207655	10.1309381805299	23.8267652749586	13.6483428516609	2.29872489177498	5.32622724073186	2.4967835166674	1.68061415312309	3.968115004507	2.17246938086255
sus_circARHGAP29_16	4:123121212|123125471	9.96355686462371	1.88942044902598	0.503087603973069	3.75564898459936	0.000172892873565176	0.0104395860565445	24.9094766043446	16.2351588575716	18.1892198194189	14.8067558023129	9.16414049036869	10.9186742813287	6.12993304473328	0	4.16130586111234	1.68061415312309	7.936230009014	5.43117345215637
sus_circC18orf25_1	1:95846715|95847499	14.7856413599203	1.21246187739012	0.383891688989118	3.15834364787328	0.0015866839644684	0.044280482739492	25.9924973262727	30.666411175413	15.5907598452162	17.9239675501683	12.8297966865162	20.4725142774913	7.6624163059166	13.8481908259028	4.99356703333481	7.56276368905392	7.936230009014	11.948581594744
sus_circCDK19_37	1:76723120|76750287	15.9490071048151	1.96015884136802	0.475017742153832	4.12649605987398	3.68332311820941e-05	0.00339222337868972	6.49812433156817	36.0781307946035	19.0553731441531	14.0274528653491	43.9878743537697	32.7560228439861	6.89617467532494	9.58720903331736	9.98713406666962	4.20153538280774	3.968115004507	4.3449387617251
sus_circCEP162_43	1:53397627|53413955	2.59817314470249	4.95879637465266	1.11954770765288	4.42928545229101	9.45458156248082e-06	0.00125594661475995	6.49812433156817	5.41171961919053	3.46461329893693	11.6895440544576	2.74924214711061	1.36483428516609	0	0	0	0	0	0
sus_circCFLAR_1	15:104799802|104800213	3.17002441166648	2.90333979544817	0.901790291040596	3.21952877990951	0.00128401471159282	0.0392326202604105	7.5811450534962	9.01953269865089	7.79537992260809	2.33790881089151	5.49848429422121	1.36483428516609	1.53248326118332	0	0.832261172222468	0	0.992028751126751	1.08623469043127
sus_circCHCHD6_3	13:73237139|73239444	5.1274908791613	2.5357908018762	0.695096179871867	3.64811500236362	0.000264171393787045	0.014621886646113	3.24906216578408	11.7253925082462	7.79537992260809	10.9102411174937	11.9133826374793	6.82417142583045	1.53248326118332	0	3.32904468888987	0	0.992028751126751	3.25870407129382
sus_circDCP2_32	2:116783862|116793088	13.5870435414878	1.37028415342045	0.399508675970542	3.42992339300658	0.000603751680755314	0.0278480462748388	11.9132279412083	18.9410186671669	23.3861397678243	21.0411792980236	17.4118669317005	24.5670171329896	5.36369141414162	5.32622724073186	10.8193952388921	4.20153538280774	5.9521725067605	14.1210509756066
sus_circDZIP1L_4	13:78881041|78881367	6.28321756213501	4.72060253018098	1.01130075601715	4.66785227054741	3.04364610951837e-06	0.000594585219394736	27.0755180482007	22.5488317466272	7.79537992260809	3.89651468481919	7.33131239229495	4.09450285549827	0	0	1.66452234444494	0	0.992028751126751	0
sus_circEDC3_13	7:58868185|58868520	10.5022175395991	1.74819131616749	0.47324511909088	3.69405038878336	0.00022071003643411	0.0126375522585807	18.4113522727765	22.5488317466272	15.5907598452162	12.4688469914214	14.6626247845899	13.6483428516609	3.8312081529583	5.32622724073186	10.8193952388921	1.68061415312309	5.9521725067605	1.08623469043127
sus_circEHBP1_27	3:78998506|79012545	8.45935021260389	2.57720467964248	0.564834055468854	4.56276432819408	5.04844732190577e-06	0.000882415450318372	17.3283315508484	14.4312523178414	12.1261465462792	25.7169969198066	3.66565619614747	13.6483428516609	2.29872489177498	2.13049089629275	2.4967835166674	2.52092122968464	2.97608625338025	2.17246938086255
sus_circENSSSCG00000002460_1	7:114594354|114596124	27.5165174157151	1.07564465147848	0.322844028196033	3.33177806474818	0.000862930437305757	0.033022896548641	36.8227045455529	33.3722709850083	53.7015061335224	28.0549057306981	52.2356007951015	19.1076799923253	18.3897991341998	26.6311362036593	14.148439927782	17.6464486077925	14.8804312669013	15.2072856660378
sus_circENSSSCG00000010719_2	14:132485606|132488764	7.06241488896627	2.40527950498523	0.627186093572698	3.83503322161341	0.000125547323749983	0.00868630546195195	18.4113522727765	8.1175794287858	15.5907598452162	7.79302936963837	17.4118669317005	4.09450285549827	1.53248326118332	0	1.66452234444494	5.88214953593083	0.992028751126751	3.25870407129382
sus_circENSSSCG00000012693_6	X:110890003|110963021	12.4903625887624	7.20241259968465	2.19030462122371	3.28831548356078	0.00100788827394962	0.036382575628116	0	48.7054765727148	53.7015061335224	0	22.9103512259217	24.5670171329896	0	0	0	0	0	0
sus_circENSSSCG00000017608_5	12:32060088|32067455	48.9785205744066	1.91584570155904	0.428619573274924	4.46980450967456	7.82911221926456e-06	0.00108335340334073	29.2415594920568	51.4113363823101	65.8276526798016	104.426593553154	65.9818115306546	147.402102797938	4.59744978354996	27.6963816518057	25.8000963388965	13.4449132249848	36.7050637916898	15.2072856660378
sus_circENSSSCG00000033497_22	6:69106984|69124265	44.0309351419481	1.42616891868737	0.265889166364223	5.36377219948013	8.15016795303585e-08	3.86667253886172e-05	79.060512700746	79.3718877481278	42.4415129119774	71.695870200673	66.8982255796914	45.0395314104809	18.3897991341998	26.6311362036593	28.2968798555639	21.8479839906002	24.8007187781688	23.897163189488
sus_circENSSSCG00000039569,ENSSSCG00000034371,ENSSSCG00000031292_2	12:39366927|39391822	275.414384056289	11.6648834735726	2.67456754938323	4.36140918417358	1.29227433389378e-05	0.00165063194725432	0	979.521251073486	395.832069403544	0	1305.89001987754	623.729268320903	0	0	0	0	0	0
sus_circENSSSCG00000049447_9	3:51302945|51306765	7.16920024921535	2.67304166348778	0.624749231030964	4.27858335908108	1.88086551077733e-05	0.0020821181204305	9.74718649735225	13.5292990479763	21.6538331183558	7.79302936963837	8.24772644133182	13.6483428516609	3.8312081529583	0	3.32904468888987	0	0.992028751126751	3.25870407129382
sus_circENSSSCG00000051151_1	16:39980738|39984588	10.9230416525431	1.59276316716993	0.467399991661427	3.40770901922413	0.000655107132602447	0.0290081438316363	20.5773937166325	17.1371121274367	19.9215264688873	8.57233230660221	17.4118669317005	15.013177136827	8.42865793650826	6.39147268887824	6.65808937777975	3.36122830624619	0	7.60364283301892
sus_circFAM13B_40	2:140023010|140031581	15.7512105051297	1.1356258304021	0.354903612368339	3.19981479710465	0.0013751592176321	0.039712206623967	28.1585387701287	22.5488317466272	19.9215264688873	22.5997851719513	14.6626247845899	21.8373485626574	9.96114119769157	11.7176999296101	11.6516564111146	5.88214953593083	5.9521725067605	14.1210509756066
sus_circFGGY_27	6:153141619|153176886	7.98674438120044	2.80686478837474	0.71492026836999	3.92612283153528	8.63260842339905e-05	0.00624599450006854	6.49812433156817	12.6273457781112	18.1892198194189	19.4825734240959	14.6626247845899	12.2835085664948	0	0	4.16130586111234	0	7.936230009014	0
sus_circGFOD2_1	6:28311909|28312248	24.7217497667718	1.48079618358475	0.391221784053524	3.78505554635004	0.00015367425039461	0.0096292865200094	66.0642640376097	49.6074298425799	33.7799796646351	21.8204822349874	32.0744917162904	15.013177136827	19.1560407647915	14.9134362740492	13.3161787555595	5.88214953593083	10.9123162623943	14.1210509756066
sus_circGPR180_12	11:63740098|63751684	4.38904966538994	3.45068507926695	0.925781708784794	3.72732043258492	0.000193526349604812	0.0114768036970996	5.41510360964014	9.92148596851598	1.73230664946846	5.45512055874686	16.4954528826636	9.55383999616263	0.76624163059166	0	3.32904468888987	0	0	0
sus_circHACE1_42	1:71082647|71092173	4.82212563785768	2.61196157000535	0.73002294468756	3.57791709015836	0.000346343269610557	0.0179719687246353	3.24906216578408	9.01953269865089	4.33076662367116	10.1309381805299	8.24772644133182	15.013177136827	1.53248326118332	0	3.32904468888987	0.840307076561547	0	2.17246938086255
sus_circHSD17B7_9	4:87720879|87733052	3.14854814341035	4.18947035646625	1.00683503944066	4.16102955534175	3.16816076790544e-05	0.00318832179097393	5.41510360964014	7.21562615892071	6.92922659787386	4.67581762178302	6.41489834325808	5.45933714066436	0	0	0.832261172222468	0.840307076561547	0	0
sus_circINTS10_13	17:12061716|12084564	4.61429701927	3.85691393887787	0.971569836282543	3.96977530059532	7.19404427436965e-05	0.00542986841708673	8.66416577542422	8.1175794287858	11.259993221545	11.6895440544576	0	12.2835085664948	1.53248326118332	0	0.832261172222468	0	0.992028751126751	0
sus_circINVS_44	1:242018656|242018942	2.33857419599751	3.71901337758142	1.15518905735302	3.21939803178459	0.00128460038621554	0.0392326202604105	6.49812433156817	6.31367288905562	6.92922659787386	0	3.66565619614747	2.72966857033218	0	0	0	0.840307076561547	0	1.08623469043127
sus_circKCTD12_3	11:48945191|48946464	2.17650144391605	4.15089915472767	1.14291509397882	3.6318525991963	0.000281393843650189	0.0153198189305291	7.5811450534962	0.901953269865089	6.06307327313962	5.45512055874686	3.66565619614747	1.36483428516609	0	0	0	0	0	1.08623469043127
sus_circKPNA6_16	6:88644098|88646110	16.3519455132246	1.60598673147327	0.495708171193673	3.23978264793584	0.00119620844383248	0.0392326202604105	24.9094766043446	18.9410186671669	18.1892198194189	35.8479351003365	19.2446950297742	30.026354273654	8.42865793650826	12.7829453777565	0.832261172222468	7.56276368905392	0.992028751126751	18.4659897373317
sus_circLNPK_27	15:81796259|81799621	2.91674645693996	3.13313221455176	0.932437656370878	3.36015195562367	0.000778996136696008	0.0315493435361883	5.41510360964014	5.41171961919053	8.66153324734232	4.67581762178302	4.58207024518434	2.72966857033218	0.76624163059166	0	0.832261172222468	0.840307076561547	0	1.08623469043127
sus_circLONP2_27	6:36428808|36449049	4.27244393934759	3.07967624675516	0.831865947994214	3.70213043842081	0.000213796646713998	0.0124564677848629	12.9962486631363	14.4312523178414	6.06307327313962	1.55860587392767	5.49848429422121	5.45933714066436	1.53248326118332	1.06524544814637	0.832261172222468	0.840307076561547	0.992028751126751	0
sus_circLRP6_1	5:60168451|60168844	49.5264000968133	1.21363984159225	0.245682433189211	4.93987228080555	7.81737577643475e-07	0.000236013681395817	72.5623883691779	58.6269625412308	74.489185927144	73.2544760746007	63.2325693835439	73.7010513989688	43.6757729437246	25.565890755513	26.632357511119	26.8898264499695	19.840575022535	35.845744784232
sus_circMGA_57	1:129687076|129688206	41.1623974483293	1.40907259795181	0.32451707657865	4.34205993967256	1.41153009488864e-05	0.00167705807391334	76.89447125689	72.1562615892071	77.0876459013466	24.158391045879	65.0653974816177	43.6746971253149	28.3509403318914	30.8921179962448	19.9742681333392	23.5285981437233	15.872460018028	16.2935203564691
sus_circNAA15_72	8:87658984|87663752	2.72703447988932	3.46703613003765	1.04101985118122	3.33042268704451	0.000867142405342275	0.033022896548641	4.33208288771211	2.70585980959527	4.33076662367116	4.67581762178302	10.0805545394056	4.09450285549827	0	0	1.66452234444494	0.840307076561547	0	0
sus_circNUP98_63	9:6387175|6388462	5.04915860232842	2.55469137185697	0.775325065812403	3.29499391223746	0.000984238120335419	0.0359192834904827	2.16604144385606	16.2351588575716	8.66153324734232	7.01372643267454	13.746210735553	4.09450285549827	2.29872489177498	0	0	4.20153538280774	0	2.17246938086255
sus_circOXR1_25	4:30784480|30818482	8.0463368282295	2.24896401002675	0.629394401812732	3.57321896024093	0.000352619665750605	0.0180161524608886	23.8264558824166	23.4507850164923	8.66153324734232	8.57233230660221	8.24772644133182	6.82417142583045	0.76624163059166	4.26098179258549	4.16130586111234	0.840307076561547	6.94420125788725	0
sus_circPICALM_87	9:19905675|19913189	31.429645038194	1.19630524239218	0.359818352310622	3.32474770869787	0.000884985785254155	0.033022896548641	28.1585387701287	43.2937569535243	42.4415129119774	55.3305085244325	47.6535305499172	45.0395314104809	15.3248326118332	27.6963816518057	23.3033128222291	13.4449132249848	3.968115004507	31.5008060225069
sus_circPIR_14	X:12031522|12035779	2.47822177257976	4.86765522592265	1.34470325245368	3.61987317056059	0.000294747451840642	0.0157880046381092	0	3.60781307946035	14.7246065204819	0	4.58207024518434	6.82417142583045	0	0	0	0	0	0
sus_circPPA2_14	8:116275910|116294261	35.6002690041703	1.58716415757523	0.466884939507037	3.39947602347389	0.000675150990062064	0.02911917451943	92.0567613638824	65.8425887001515	65.8276526798016	45.1995703439026	33.9073198143641	17.7428457071592	12.2598660894666	12.7829453777565	34.9549692333437	7.56276368905392	34.7210062894363	4.3449387617251
sus_circPPP2R5A_19	9:131042755|131046226	21.2252814582792	2.53750262916004	0.394398255027173	6.43385866143149	1.2440454813673e-10	2.0657375218104e-07	30.3245802139848	45.9996167631195	28.5830597162297	31.1721174785535	60.4833272364333	20.4725142774913	4.59744978354996	5.32622724073186	9.98713406666962	4.20153538280774	5.9521725067605	7.60364283301892
sus_circPRELID2_7	2:147170889|147175048	22.4803652608583	1.66714292950613	0.394268234694674	4.22844850992671	2.35308352383922e-05	0.00244205949458439	21.6604144385606	34.2742242548734	34.6461329893693	49.8753879656856	31.1580776672535	32.7560228439861	6.89617467532494	18.1091726184883	4.16130586111234	15.9658344546694	3.968115004507	16.2935203564691
sus_circPRKAR1A_5	12:11669306|11671052	115.735604851265	1.18059647290324	0.350290179953163	3.37033848068793	0.000750759038522101	0.0311658845866487	204.690916444397	285.919186547233	153.309138477959	89.6198377508413	124.632310669014	106.457074242955	144.053426551232	51.1317815110259	54.0969761944604	83.1904005795932	40.6731787961968	51.0530304502699
sus_circQRICH1_6	13:31673546|31676127	11.5204256632729	2.67988602973293	0.801688800180519	3.34280088374628	0.000829373879477183	0.0324041253381615	15.1622901069924	1.80390653973018	3.46461329893693	0.779302936963837	72.3967098739126	25.9318514181557	0.76624163059166	4.26098179258549	2.4967835166674	5.04184245936928	3.968115004507	2.17246938086255
sus_circRABGAP1_18	1:263873074|263940366	9.63748813681026	2.22670828935026	0.554336549262898	4.01688882378606	5.89715275400743e-05	0.00466296292763302	18.4113522727765	18.0390653973018	11.259993221545	8.57233230660221	26.5760074220692	12.2835085664948	0	2.13049089629275	5.82582820555728	5.04184245936928	0.992028751126751	6.51740814258764
sus_circRALGAPA1_106	7:64286782|64287500	96.9007493484491	1.15211523854211	0.222312990789915	5.18240177710015	2.19046726677288e-07	7.27454179295275e-05	136.460610962931	156.939868956525	144.647605230617	120.012652292431	120.966654472867	122.835085664948	65.1305386002911	54.327517855465	74.0712443277997	34.4525901390234	75.394185085633	57.5704385928575
sus_circRBKS_1	3:111323715|111359571	2.68696605066568	4.9904863306292	1.31251115143909	3.80224299439851	0.000143391983888646	0.0091577842018114	8.66416577542422	0	7.79537992260809	11.6895440544576	0	4.09450285549827	0	0	0	0	0	0
sus_circRFC1_43	8:30613554|30621379	25.749806648251	2.0430018065242	0.343327841941931	5.95058587433099	2.67184340891064e-09	2.21829799024806e-06	38.988745989409	55.0191494617704	37.244592963572	37.4065409742642	42.155046255696	38.2153599846505	16.8573158730165	10.6524544814637	11.6516564111146	5.88214953593083	2.97608625338025	11.948581594744
sus_circRNFT1_2	12:36163951|36170928	2.25072025888553	4.7183633979384	1.23714281186122	3.81391974532017	0.000136779902213718	0.00913725970546113	2.16604144385606	9.92148596851598	2.5984599742027	0	5.49848429422121	6.82417142583045	0	0	0	0	0	0
sus_circRPS6KC1_36	9:130372679|130384896	13.8733423868271	1.2479289219937	0.388936949781546	3.20856355431033	0.00133399822613284	0.0396127066848013	12.9962486631363	27.0585980959527	17.3230664946846	17.9239675501683	25.6595933730323	16.3780114219931	10.7273828282832	3.19573634443912	10.8193952388921	5.88214953593083	10.9123162623943	7.60364283301892
sus_circSLC7A1_2	11:6556534|6560872	2.36849407876313	4.80819631085164	1.13127421301555	4.25024830897083	2.13533661190256e-05	0.00228756544778336	5.41510360964014	11.7253925082462	3.46461329893693	2.33790881089151	2.74924214711061	2.72966857033218	0	0	0	0	0	0
sus_circSMARCA5_22	8:84198495|84200866	7.70136856952937	2.61229906524238	0.715597798641599	3.65051299794555	0.00026171706392359	0.014621886646113	28.1585387701287	11.7253925082462	22.51998644309	5.45512055874686	4.58207024518434	6.82417142583045	4.59744978354996	2.13049089629275	0	0	0.992028751126751	5.43117345215637
sus_circSTK3_16	4:38110196|38111049	15.4048010926904	1.14118713072997	0.352843949913896	3.23425449411405	0.00121960725679406	0.0392326202604105	18.4113522727765	24.3527382863574	25.1184464172927	20.2618763610598	19.2446950297742	19.1076799923253	9.19489956709991	15.9786817221956	4.99356703333481	8.40307076561547	8.92825876014076	10.8623469043127
sus_circTDRD3_2	11:33313986|33336182	12.2309172491964	1.71496069672734	0.429148474063308	3.99619432521703	6.43689024399541e-05	0.0049713750000718	14.0792693850644	21.6468784767621	20.7876797936216	18.7032704871321	25.6595933730323	10.9186742813287	6.89617467532494	8.52196358517098	3.32904468888987	1.68061415312309	6.94420125788725	7.60364283301892
sus_circTMEM245_38	1:250119554|250171078	4.91916503825481	2.94799848194848	0.855241647898842	3.44697722473072	0.000566896370105445	0.0268951835017169	2.16604144385606	5.41171961919053	2.5984599742027	4.67581762178302	7.33131239229495	30.026354273654	0.76624163059166	1.06524544814637	0.832261172222468	0	1.9840575022535	2.17246938086255
sus_circTMEM43_4	13:70406477|70408175	16.9185630806399	1.67441145271347	0.354488401201981	4.72345906674511	2.3186664536794e-06	0.000484987195219471	25.9924973262727	31.5683644452781	28.5830597162297	21.8204822349874	26.5760074220692	20.4725142774913	8.42865793650826	3.19573634443912	10.8193952388921	10.9239919953001	5.9521725067605	8.68987752345019
sus_circTMEM87A_3	1:129106542|129114618	11.2672287631498	2.49966527615432	0.575736601923499	4.34168206051709	1.41396043569929e-05	0.00167705807391334	20.5773937166325	18.9410186671669	22.51998644309	14.8067558023129	20.1611090788111	17.7428457071592	6.12993304473328	6.39147268887824	0	0	7.936230009014	0
sus_circTSPAN13_2	9:86021853|86025117	13.0808672024054	1.41442541395084	0.422190647465359	3.35020546391165	0.000807516376906725	0.0323103841892438	15.1622901069924	15.3332055877065	15.5907598452162	13.2481499283852	27.4924214711061	27.2966857033218	9.19489956709991	5.32622724073186	5.82582820555728	2.52092122968464	6.94420125788725	13.0348162851753
sus_circUBR3_4	15:76166995|76177857	39.5425353397881	1.01992486230996	0.320298693737297	3.18429291861702	0.0014510809368669	0.0415434464770258	64.9812433156817	50.509383112445	64.0953460303332	49.0960850287218	41.2386322066591	47.7691999808131	29.1171819624831	39.4140815814158	36.6194915777886	8.40307076561547	24.8007187781688	18.4659897373317
sus_circUTRN_108	1:20819147|20821172	6.47699932087995	2.02022246738615	0.640965526309154	3.15184262563872	0.00162243691419782	0.0449009416004246	12.9962486631363	15.3332055877065	4.33076662367116	7.79302936963837	11.9133826374793	9.55383999616263	0.76624163059166	5.32622724073186	0	1.68061415312309	6.94420125788725	1.08623469043127
sus_circUTRN_95	1:20803183|20826456	2.64984385304707	4.96562863913898	1.20196418480629	4.13126173134623	3.60777518922129e-05	0.00339222337868972	14.0792693850644	2.70585980959527	10.3938398968108	2.33790881089151	0.916414049036869	1.36483428516609	0	0	0	0	0	0
sus_circVDAC1_13	2:136318558|136320614	7.68534931826014	6.50150958298945	1.04402726236193	6.22733698378805	4.74429959790536e-10	5.25193965488123e-07	28.1585387701287	27.9605513658178	14.7246065204819	10.9102411174937	0.916414049036869	9.55383999616263	0	0	0	0	0	0
sus_circWDFY3_3	8:133695707|133705563	11.1828345382151	1.4839152213495	0.45847226060779	3.23665213546899	0.00120940741098439	0.0392326202604105	7.5811450534962	9.01953269865089	16.4569131699504	22.5997851719513	20.1611090788111	23.2021828478235	9.19489956709991	4.26098179258549	3.32904468888987	6.72245661249238	2.97608625338025	8.68987752345019
sus_circXPO4_30	11:1141224|1141776	114.01724516807	1.03671566168101	0.26463319365264	3.91755715664989	8.94508406848078e-05	0.00632055833860099	206.856957888253	200.23362591005	135.986071983274	79.4888995703114	166.78735692471	131.024091375945	101.143895238099	87.3501267480026	79.0648113611345	53.779652899939	63.489840072112	63.0016120450139
sus_circZC3H6_33	3:44117754|44122061	8.36222658628471	1.8970625098642	0.57036136821997	3.32607118147695	0.000880794322215968	0.033022896548641	12.9962486631363	12.6273457781112	18.1892198194189	18.7032704871321	4.58207024518434	12.2835085664948	6.12993304473328	1.06524544814637	6.65808937777975	1.68061415312309	0	5.43117345215637
sus_circZEB1_7	10:42061873|42079536	7.28324356833225	2.13983769807133	0.663595149020148	3.22461323177389	0.0012614296097683	0.0392326202604105	6.49812433156817	3.60781307946035	15.5907598452162	10.9102411174937	25.6595933730323	9.55383999616263	6.89617467532494	0	2.4967835166674	4.20153538280774	1.9840575022535	0
sus_circZNF169_10	3:43535845|43536562	2.86984877889073	3.53274973389806	1.00572916436556	3.51262532605049	0.00044370269067779	0.021949147774581	5.41510360964014	5.41171961919053	7.79537992260809	6.2344234957107	2.74924214711061	4.09450285549827	0	1.06524544814637	0.832261172222468	0.840307076561547	0	0
sus_circZNF644_17	4:125780952|125783720	17.5853449326102	1.20831643546806	0.36963146740739	3.2689761073191	0.00107937415516447	0.0381340592478853	22.7434351604886	22.5488317466272	30.3153663656981	23.3790881089151	15.5790388336268	32.7560228439861	8.42865793650826	19.1744180666347	14.9807011000044	7.56276368905392	5.9521725067605	7.60364283301892
sus_circABCA6_36	12:11253178|11268222	78.2867630684643	-2.06306457806199	0.429253853414068	-4.80616437488776	1.53853419904801e-06	0.000393036313464495	21.6604144385606	17.1371121274367	50.2368928345855	46.7581762178302	10.0805545394056	35.4856914143183	206.885240259748	141.677644603468	65.748632605575	224.361989441933	69.4420125788725	49.9667957598386
sus_circABL1_16	1:270899688|270900268	3.60004212093983	-5.34345471931989	1.18703201337386	-4.50152536672736	6.74675110759171e-06	0.00101845274674146	0	0	0	0	0	0	8.42865793650826	10.6524544814637	1.66452234444494	18.486755684354	3.968115004507	0
sus_circARSB,DMGDH_15	2:87745803|87760449	4.98447504294927	-4.81144672143858	1.19353118425548	-4.03127022143114	5.54762164174619e-05	0.00449357352981441	0	0	1.73230664946846	0	0	0	6.89617467532494	2.13049089629275	7.49035055000221	36.1332042921465	0	5.43117345215637
sus_circATRX_49	X:61688015|61702090	16.7019514507326	-1.34601455340917	0.419561312446155	-3.20814744705976	0.00133592988518451	0.0396127066848013	12.9962486631363	7.21562615892071	6.92922659787386	14.0274528653491	7.33131239229495	8.18900571099654	22.9872489177498	13.8481908259028	16.6452234444494	52.9393458233775	18.8485462714083	18.4659897373317
sus_circBRD7_30	6:34513016|34516600	21.1934821098767	-2.4745796118338	0.547984002265136	-4.51578805513468	6.30817328130651e-06	0.000997592546058043	1.08302072192803	4.50976634932544	1.73230664946846	8.57233230660221	3.66565619614747	20.4725142774913	9.19489956709991	39.4140815814158	47.4388868166807	63.023030742116	24.8007187781688	30.4145713320757
sus_circCAB39L_13	11:18350469|18361632	8.99591279929073	-2.70173402372943	0.839383216206009	-3.21871342143484	0.00128767106545762	0.0392326202604105	1.08302072192803	3.60781307946035	2.5984599742027	0.779302936963837	3.66565619614747	2.72966857033218	18.3897991341998	13.8481908259028	0	45.3765821343235	15.872460018028	0
sus_circCAMTA1_2	6:67634953|67640257	3.52593904640687	-3.34479299609659	0.973570878685775	-3.43559269214352	0.000591259161823329	0.0276559391044405	1.08302072192803	0	0.866153324734232	0	1.83282809807374	0	3.8312081529583	4.26098179258549	7.49035055000221	16.8061415312309	3.968115004507	2.17246938086255
sus_circCARF_13	15:106414678|106437731	17.5391610368689	-2.70860314827716	0.46183997784906	-5.86480876101722	4.49650638821959e-09	2.98657954305545e-06	6.49812433156817	1.80390653973018	6.06307327313962	2.33790881089151	2.74924214711061	9.55383999616263	14.5585909812415	39.4140815814158	22.4710516500066	38.6541255218312	44.6412938007038	21.7246938086255
sus_circCCAR1_12	14:71844195|71857332	10.503262095585	-2.39331597324305	0.491966358712102	-4.86479599846708	1.14574920740671e-06	0.000317086093149807	4.33208288771211	1.80390653973018	5.19691994840539	3.11721174785535	2.74924214711061	2.72966857033218	9.19489956709991	22.3701544110738	14.9807011000044	11.7642990718617	22.8166612759153	24.9833978799193
sus_circCENPC_61	8:65301742|65310079	5.62676982233446	-1.79597472068683	0.567907087998123	-3.16244462983839	0.00156450484865448	0.044031530528657	2.16604144385606	0.901953269865089	3.46461329893693	2.33790881089151	4.58207024518434	1.36483428516609	7.6624163059166	9.58720903331736	5.82582820555728	10.9239919953001	8.92825876014076	9.77611221388146
sus_circCEP162_35	1:53396207|53413955	6.57285035218132	-1.78956013904238	0.546548704915182	-3.27429215904939	0.0010592703064798	0.0378262009442947	1.08302072192803	5.41171961919053	5.19691994840539	2.33790881089151	1.83282809807374	1.36483428516609	8.42865793650826	11.7176999296101	8.32261172222468	14.2852203015463	6.94420125788725	11.948581594744
sus_circCRISP2_2	7:43753157|43754419	3.6101704842719	-4.29684771380527	1.04557791826101	-4.10954328583346	3.96442401427354e-05	0.00346469793457959	1.08302072192803	0	0	0	0	1.36483428516609	10.7273828282832	7.45671813702461	7.49035055000221	0.840307076561547	8.92825876014076	5.43117345215637
sus_circDNM3_7	9:114390363|114391922	18.4489123757741	-1.41139817892659	0.415706468850561	-3.3951797354252	0.000685835607442172	0.0292007699014802	15.1622901069924	9.01953269865089	10.3938398968108	8.57233230660221	6.41489834325808	10.9186742813287	14.5585909812415	20.2396635147811	16.6452234444494	21.8479839906002	26.7847762804223	60.8291426641513
sus_circDYRK1A_28	13:201067069|201121879	13.2408421714069	-1.34805690658483	0.42530819377226	-3.16960013073877	0.00152648852115171	0.0433287895619218	5.41510360964014	9.92148596851598	8.66153324734232	7.01372643267454	5.49848429422121	8.18900571099654	7.6624163059166	14.9134362740492	18.3097457888943	24.3689052202849	33.7289775383095	15.2072856660378
sus_circENSSSCG00000001229_7	7:22853630|22890075	2.11997748333866	-4.57494115050107	1.10182052235765	-4.15216549126504	3.29343952033722e-05	0.00321691548442351	0	0	0	0	0	0	4.59744978354996	5.32622724073186	5.82582820555728	3.36122830624619	1.9840575022535	4.3449387617251
sus_circENSSSCG00000011068_135	10:48820847|48824559	16.9026508849135	-1.18266969645169	0.366417574495948	-3.22765549135735	0.0012480918830063	0.0392326202604105	12.9962486631363	5.41171961919053	6.06307327313962	10.1309381805299	11.9133826374793	16.3780114219931	22.9872489177498	22.3701544110738	15.8129622722269	29.4107476796542	17.8565175202815	31.5008060225069
sus_circENSSSCG00000028485_2	6:168716698|168717962	48.5242496800419	-1.70622934749314	0.380025905038388	-4.48977115736567	7.12997314973095e-06	0.00102950612305463	16.2453108289204	16.2351588575716	17.3230664946846	31.9514204155173	18.3282809807374	36.8505256994844	51.3381892496412	127.829453777565	34.9549692333437	58.8214953593083	128.963737646478	43.449387617251
sus_circENSSSCG00000031169_36	6:44131596|44136685	23.1714385293933	-1.02285518375196	0.325200755283867	-3.14530383811413	0.00165914418543623	0.0454240800467787	11.9132279412083	7.21562615892071	14.7246065204819	21.0411792980236	16.4954528826636	20.4725142774913	35.2471150072163	23.4353998592202	27.4646186833414	23.5285981437233	40.6731787961968	35.845744784232
sus_circENSSSCG00000050244_52	12:59319172|59323398	41.2446585303644	-1.2026030891998	0.306349080418856	-3.92559718983176	8.65148289681279e-05	0.00624599450006854	10.8302072192803	15.3332055877065	30.3153663656981	28.0549057306981	20.1611090788111	46.404365695647	52.1044308802329	58.5884996480505	62.4195879166851	66.3842590483622	56.5456388142248	47.7943263789761
sus_circGTF2I_9	3:11731299|11733763	7.05452708707808	-1.82117046968557	0.535354701806466	-3.40180157854285	0.000669432224739769	0.02911917451943	2.16604144385606	4.50976634932544	3.46461329893693	2.33790881089151	4.58207024518434	1.36483428516609	13.7923493506499	8.52196358517098	5.82582820555728	18.486755684354	10.9123162623943	8.68987752345019
sus_circHOMER1_19	2:88184110|88206327	7.57010100970321	-3.0751270589863	0.950944611991758	-3.23376043168847	0.00122171890437171	0.0392326202604105	0	0.901953269865089	2.5984599742027	0.779302936963837	2.74924214711061	2.72966857033218	0.76624163059166	2.13049089629275	1.66452234444494	63.8633378186776	3.968115004507	8.68987752345019
sus_circIPMK_3	14:92396506|92409653	9.36977019289096	-1.57315894399394	0.484543660335628	-3.24668151246528	0.00116758968298301	0.0392326202604105	6.49812433156817	4.50976634932544	5.19691994840539	6.2344234957107	1.83282809807374	4.09450285549827	20.6885240259748	17.043927170342	10.8193952388921	20.1673698374771	9.9202875112675	5.43117345215637
sus_circMDFIC_5	18:31065678|31065950	19.9542360629399	-1.01399055327722	0.322554627604468	-3.14362426237028	0.00166869550307347	0.0454240800467787	17.3283315508484	17.1371121274367	12.9922998710135	10.1309381805299	10.9969685884424	10.9186742813287	36.7795982683997	29.8268725480984	19.1420069611168	28.5704406030926	22.8166612759153	22.8109284990568
sus_circNFATC3_11	6:28711467|28714979	15.2705597731506	-1.18227246033576	0.369059477315289	-3.20347405501183	0.00135780273732802	0.039712206623967	7.5811450534962	12.6273457781112	11.259993221545	10.1309381805299	8.24772644133182	5.45933714066436	22.9872489177498	21.3049089629275	11.6516564111146	26.8898264499695	16.8644887691548	28.2421019512131
sus_circNPAS3_8	7:66527660|66530404	3.01778271177987	-3.0804598026018	0.948856736966031	-3.24649621232765	0.00116835002716005	0.0392326202604105	1.08302072192803	0.901953269865089	0	0.779302936963837	0.916414049036869	0	2.29872489177498	11.7176999296101	3.32904468888987	5.88214953593083	4.96014375563375	4.3449387617251
sus_circPAN3_2	11:5503065|5507316	110.936482488387	-1.08126290343177	0.227941632213399	-4.74359551141359	2.09957880540449e-06	0.000484987195219471	80.1435334226741	62.2347756206911	79.6861058755493	54.5512055874686	81.5608503642813	69.6065485434706	186.962957864365	109.720281159076	107.361691216698	183.186942690417	135.907938904365	180.314958611591
sus_circPAN3_7	11:5503065|5524214	16.7365539119692	-1.80431795319685	0.388149889457435	-4.64850822376625	3.34344293674063e-06	0.000616865221828647	6.49812433156817	6.31367288905562	4.33076662367116	11.6895440544576	6.41489834325808	9.55383999616263	14.5585909812415	22.3701544110738	29.9614022000089	38.6541255218312	28.7688337826758	21.7246938086255
sus_circPAN3_8	11:5503065|5546751	15.5177572463227	-1.79647478111215	0.531614636207394	-3.37928013782395	0.000726759117636888	0.0305514813882545	6.49812433156817	0.901953269865089	6.92922659787386	7.01372643267454	14.6626247845899	5.45933714066436	11.4936244588749	30.8921179962448	14.148439927782	42.0153538280774	39.68115004507	6.51740814258764
sus_circPHLDB2_25	13:147814768|147839301	22.7366502316695	-1.04730144285629	0.323132759105027	-3.24108717963778	0.0011907476208268	0.0392326202604105	16.2453108289204	15.3332055877065	12.1261465462792	24.158391045879	11.9133826374793	8.18900571099654	36.013356637808	23.4353998592202	29.9614022000089	23.5285981437233	31.744920036056	40.1906835459571
sus_circPIAS1_18	1:166036953|166044981	37.7100516901075	-1.18376902146952	0.368914197590213	-3.20879225901856	0.00133293762760149	0.0396127066848013	19.4943729947045	23.4507850164923	21.6538331183558	31.9514204155173	23.8267652749586	17.7428457071592	60.5330888167411	18.1091726184883	41.6130586111234	110.920534106124	38.6891212939433	44.5356223076822
sus_circREV3L_52	1:77263699|77279692	3.41511796220675	-4.21368587456612	1.03107177935963	-4.08670468818682	4.37543470585125e-05	0.00372585093798256	1.08302072192803	0.901953269865089	0	0	0	0	6.12993304473328	10.6524544814637	4.99356703333481	1.68061415312309	7.936230009014	7.60364283301892
sus_circSEC24A_35	2:136907206|136920524	13.4359226214102	-2.47099926150292	0.544489119235751	-4.53819768698267	5.67370601758876e-06	0.000942118884220613	6.49812433156817	1.80390653973018	6.92922659787386	1.55860587392767	6.41489834325808	1.36483428516609	36.013356637808	7.45671813702461	18.3097457888943	34.4525901390234	8.92825876014076	31.5008060225069
sus_circSH3BGRL2_2	1:86443285|86445181	4.40313616503771	-2.56133913338773	0.747950670250123	-3.42447601862726	0.000615986207649841	0.0280231533644537	4.33208288771211	0	1.73230664946846	1.55860587392767	0	0	8.42865793650826	8.52196358517098	3.32904468888987	8.40307076561547	8.92825876014076	7.60364283301892
sus_circSTT3B_1	13:17582876|17587193	19.6809230491114	-1.33252087362125	0.396351957382871	-3.36196365074097	0.000773903103874842	0.0315493435361883	16.2453108289204	4.50976634932544	18.1892198194189	4.67581762178302	8.24772644133182	16.3780114219931	40.610806421358	27.6963816518057	30.7936633722313	27.7301335265311	24.8007187781688	16.2935203564691
sus_circSWT1_62	9:126407565|126438047	8.26603555189402	-2.0945584882017	0.588996866342459	-3.55614538530307	0.000376335870539325	0.0189365367585015	2.16604144385606	0	5.19691994840539	3.11721174785535	0.916414049036869	8.18900571099654	13.7923493506499	6.39147268887824	10.8193952388921	20.1673698374771	20.8326037736618	7.60364283301892
sus_circTMEM237_8	15:105263579|105266463	6.2597684521055	-6.14078877069871	1.09337832434911	-5.61634398080309	1.95040197468937e-08	1.07954749299057e-05	0	0	0	0	0	0	3.06496652236664	6.39147268887824	7.49035055000221	42.0153538280774	12.8963737646478	3.25870407129382
sus_circTNRC6A_33	AEMK02000510.1:631357|631791	16.6420003032972	-1.63336257049782	0.467667060768964	-3.49257561097452	0.000478386138860768	0.0230249328573422	10.8302072192803	8.1175794287858	18.1892198194189	3.11721174785535	2.74924214711061	5.45933714066436	28.3509403318914	49.0012906147332	14.9807011000044	19.3270627609156	17.8565175202815	21.7246938086255
sus_circTOGARAM1_45	1:175244214|175246746	13.4659694362525	-1.25063098258462	0.39065462699007	-3.20137250701606	0.00136774587277419	0.039712206623967	5.41510360964014	9.92148596851598	10.3938398968108	5.45512055874686	7.33131239229495	9.55383999616263	27.5846987012997	15.9786817221956	14.9807011000044	20.1673698374771	10.9123162623943	23.897163189488
sus_circTRPM7_110	1:121217326|121230821	77.0285510892856	-1.21878724537624	0.295781179341899	-4.12057064647585	3.7793515510846e-05	0.00339222337868972	35.7396838236249	39.6859438740639	30.3153663656981	81.8268083812029	45.8207024518434	43.6746971253149	90.4165124098158	93.7415994368808	74.0712443277997	181.506328537294	102.178961366055	105.364764971834
sus_circTTC13_2	14:59432075|59439450	18.843208137432	-1.41911020101529	0.348947251657549	-4.06683300778072	4.76563672433578e-05	0.00395666989037978	10.8302072192803	10.8234392383811	9.52768657207655	7.79302936963837	10.9969685884424	12.2835085664948	28.3509403318914	17.043927170342	27.4646186833414	45.3765821343235	22.8166612759153	22.8109284990568
sus_circXRN1_97	13:83143347|83144616	2.82451845557284	-3.40262703226574	1.01761967583001	-3.34371191230202	0.000826655321538542	0.0324041253381615	0	0	1.73230664946846	0	0	1.36483428516609	3.06496652236664	6.39147268887824	3.32904468888987	6.72245661249238	6.94420125788725	4.3449387617251
sus_circZBTB40_2	6:80443721|80451792	9.42643346546782	-1.61052610352151	0.487309015324891	-3.30493804315886	0.000949973975510483	0.0350540396963368	5.41510360964014	4.50976634932544	4.33076662367116	3.89651468481919	4.58207024518434	5.45933714066436	9.96114119769157	17.043927170342	11.6516564111146	26.049519373408	15.872460018028	4.3449387617251
sus_circZNF532_14	1:161909790|161924707	31.1593545279405	-1.10759545882995	0.294530303310404	-3.76054839308899	0.000169541270843622	0.0104267881568828	18.4113522727765	20.744925206897	11.259993221545	28.834208667662	18.3282809807374	20.4725142774913	29.1171819624831	45.805554270294	39.116275094456	42.0153538280774	58.5296963164783	41.2769182363884
