circ_name	circ_id	baseMean	log2FoldChange	lfcSE	stat	pvalue	padj	M300_1SF	M300_2SF	M300_3SF	M300_1PF	M300_2PF	M300_3PF	Y300_1SF	Y300_2SF	Y300_3SF	Y300_1PF	Y300_2PF	Y300_3PF
sus_circ16:18249647|18258513	16:18249647|18258513	8.43273164911535	2.86688234097485	0.638491470439464	4.49008714086912	7.11940418203076e-06	0.00127579722941991	6.76125204493021	34.3158533230718	8.75572595346889	16.5625659147412	13.2961815591952	10.13271284368	0.669072894320013	0	1.95094506538737	4.3304359163878	0.652577141313073	3.76545713288867
sus_circ7:78055271|78056399	7:78055271|78056399	34.244937738662	1.30817664207049	0.360362716691697	3.63016644474261	0.000283238514315414	0.0195216699097393	37.669832821754	42.8948166538398	48.7819017407552	47.1396106804172	27.8011068964991	88.8560972445783	26.0938428784805	11.7930930783978	29.2641759808105	24.5391368595309	9.7886571196961	16.3169809091842
sus_circABCB7_16	X:60240445|60257143	3.02310098534284	3.33932210900051	0.948037506954853	3.52235231676286	0.000427735284594248	0.0266830791154102	2.89767944782723	3.81287259145243	11.2573619401743	3.8221305957095	8.46120644676061	3.11775779805538	0	0	0.975472532693683	0	1.30515428262615	0.627576188814778
sus_circAIFM2_9	14:73064383|73065278	1.69067684652216	3.87153440337676	1.17953250518611	3.28226173196126	0.001029779730331	0.047724964053961	3.86357259710298	4.76609073931553	5.00327197341079	1.27404353190317	3.62623133432597	0.779439449513845	0	0	0.975472532693683	0	0	0
sus_circAPBB2_9	8:31993513|32031054	5.18425302586638	2.74715308466758	0.841340546651317	3.2652094275044	0.00109383169400241	0.0490853106207336	0	21.9240174008514	8.75572595346889	5.09617412761267	9.66995022486926	9.35327339416614	0.669072894320013	0	0.975472532693683	0.721739319397967	0.652577141313073	4.39303332170345
sus_circASCC3_66	1:67576479|67584208	7.15347381023764	1.68302928978046	0.507894384354291	3.31373872526701	0.000920574847863835	0.0466887771897734	11.5907177913089	9.53218147863106	11.2573619401743	7.644261191419	10.8786940029779	14.8093495407631	6.02165604888011	1.9655155130663	3.90189013077473	5.05217523578577	1.30515428262615	1.88272856644433
sus_circATRX_49	X:61688015|61702090	8.53848244599214	1.81791937697275	0.511083858741387	3.55698843913721	0.000375130658270733	0.0244308617762988	15.4542903884119	5.71930888717864	7.50490796011619	24.2068271061602	13.2961815591952	12.4710311922215	4.68351026024009	7.86206205226521	1.95094506538737	2.88695727759187	3.91546284787844	2.51030475525911
sus_circBRD4_9	2:62312200|62313757	8.0764716942166	2.36043126765969	0.55392016939332	4.26132030946796	2.03222717531914e-05	0.00273131332362892	11.5907177913089	9.53218147863106	23.7655418737013	11.4663917871285	7.25246266865195	16.3682284397907	4.01443736592008	5.8965465391989	0.975472532693683	2.1652179581939	3.26288570656537	0.627576188814778
sus_circCDK19_37	1:76723120|76750287	27.4236657188866	1.87169878660003	0.567049786281463	3.30076623231631	0.000964211843662586	0.0466991249687393	16.4201835376876	40.9883803581136	41.276993780639	45.865567148514	26.5923631183905	88.0766577950645	6.02165604888011	9.82757756533151	0	12.2695684297654	8.48350283706995	33.2615380071833
sus_circCOG7_21	3:22810516|22822228	8.44556477889023	2.15045863815992	0.51789168560683	4.15233280997774	3.29103177009808e-05	0.00402104245364711	6.76125204493021	22.8772355487146	10.0065439468216	10.1923482552253	12.0874377810866	21.0448651368738	2.00721868296004	1.9655155130663	2.92641759808105	5.05217523578577	3.91546284787844	2.51030475525911
sus_circCTNNA1_2	2:140718298|140720559	1.72288879466901	3.94582864072973	1.17148131385355	3.36823865141311	0.000756500817858889	0.0423204276706545	4.82946574637872	0.953218147863106	3.7524539800581	3.8221305957095	1.20874377810866	5.45607614659691	0	0	0	0	0.652577141313073	0
sus_circCYTH3_4	3:4974527|4985274	16.3403600735514	2.14901385513725	0.399841916577525	5.37465874896729	7.67278574708675e-08	3.09144548671261e-05	38.6357259710298	34.3158533230718	23.7655418737013	21.6587400423538	25.3836193402818	16.3682284397907	8.02887473184015	3.9310310261326	10.7301978596305	4.3304359163878	3.91546284787844	5.02060951051823
sus_circDCN_6	5:91713772|91713922	4.30197975253466	3.89826141069081	1.12375257364719	3.46896772662227	0.000522462211809605	0.0312084094520938	5.79535889565446	0	10.0065439468216	20.3846965104507	2.41748755621732	10.13271284368	0	0	0	2.88695727759187	0	0
sus_circECPAS_45	1:252271582|252280307	20.029889891274	1.47107327448972	0.344340275361189	4.27214990447069	1.93597355235386e-05	0.00273131332362892	32.8403670753753	36.222289618798	32.5212678271702	29.3030012337728	18.1311566716299	28.0598201824984	8.02887473184015	5.8965465391989	19.5094506538737	8.66087183277561	12.3989656849484	8.7860666434069
sus_circEDC3_13	7:58868185|58868520	10.2246653953986	1.60357949483882	0.456829587945214	3.51023562648733	0.000447709768606851	0.0273509967730731	25.1132218811693	16.2047085136728	18.7622699002905	12.7404353190317	13.2961815591952	7.79439449513845	7.35980183752014	0	6.82830772885578	4.3304359163878	5.87319427181766	4.39303332170345
sus_circENSSSCG00000009338_29	11:8630432|8640553	1.34504219948779	4.11641797338428	1.24951076849612	3.29442376742276	0.000986236918336937	0.0469204395838882	1.93178629855149	5.71930888717864	1.2508179933527	1.27404353190317	3.62623133432597	2.33831834854153	0	0	0	0	0	0
sus_circENSSSCG00000017608_5	12:32060088|32067455	54.1015598382575	2.64316927163388	0.400581385184023	6.59833274683903	4.15807206860282e-11	4.94043288049482e-08	60.8512684043719	149.655249214508	46.2802657540498	78.9906989779963	94.2820146924753	130.166388068812	8.69794762616016	13.7586085914641	5.8528351961621	24.5391368595309	26.1030856525229	10.0412190210365
sus_circENSSSCG00000017608_8	12:32060091|32067455	4.68814684273217	3.19499386902183	0.741938756443638	4.30627708995351	1.66025068559104e-05	0.00241286597187953	4.82946574637872	8.57896333076796	6.25408996676349	14.0144788509348	12.0874377810866	5.45607614659691	1.33814578864003	0	0.975472532693683	1.44347863879593	0.652577141313073	0.627576188814778
sus_circENSSSCG00000031169_36	6:44131596|44136685	16.0115637479964	2.39919231260635	0.491871636438167	4.87767973363911	1.07341024367656e-06	0.000250897976956748	41.533405418857	34.3158533230718	30.0196318404648	24.2068271061602	19.3399004497385	12.4710311922215	4.68351026024009	3.9310310261326	6.82830772885578	0	9.7886571196961	5.02060951051823
sus_circENSSSCG00000032235_1	17:62385259|62387140	3.64145250420078	3.07756627699048	0.912530291677492	3.37256341521883	0.000744719347784485	0.0423204276706545	1.93178629855149	14.2982722179466	7.50490796011619	5.09617412761267	3.62623133432597	7.0149550456246	1.33814578864003	0	0	2.88695727759187	0	0
sus_circENSSSCG00000041050_4	2:6793378|6794056	7.49827035396112	2.47656511242744	0.570577753638484	4.3404515802356	1.42190199176843e-05	0.0023164076084082	16.4201835376876	17.1579266615359	8.75572595346889	11.4663917871285	15.7136691154126	7.0149550456246	1.33814578864003	0	6.82830772885578	1.44347863879593	1.95773142393922	1.88272856644433
sus_circENSSSCG00000042710_2	4:89111117|89111486	53.1759660416915	1.70302199064325	0.335389982479608	5.07773660397503	3.81957704334628e-07	0.000128337788656435	63.7489478521991	99.1346873777631	81.3031695679254	52.2357848080298	89.4470395800407	100.547688987286	33.4536447160006	35.3792792351934	18.53397812118	15.1565257073573	38.5020513374713	10.6687952098512
sus_circENSSSCG00000043473_1	X:120439259|120444313	2.36154482895234	4.93647833485001	1.32578952605808	3.72342535359097	0.000196537988551459	0.0148815243162344	1.93178629855149	0	1.2508179933527	6.37021765951583	2.41748755621732	16.3682284397907	0	0	0	0	0	0
sus_circENSSSCG00000050914_7	16:25613034|25618464	4.40462420268235	2.74432391123726	0.749738958581829	3.66037256010851	0.000251848791497864	0.0178149881985858	1.93178629855149	4.76609073931553	8.75572595346889	11.4663917871285	9.66995022486926	10.13271284368	1.33814578864003	0	0	2.88695727759187	0.652577141313073	1.25515237762956
sus_circGDI2_11	10:65179075|65191886	9.80109317835557	1.87557613435274	0.55773668373552	3.3628344504629	0.000771466129412973	0.0423204276706545	10.6248246420332	13.3450540700835	10.0065439468216	6.37021765951583	15.7136691154126	35.8542146776369	8.69794762616016	5.8965465391989	0.975472532693683	4.3304359163878	3.91546284787844	1.88272856644433
sus_circHERC6_9	8:130602052|130603903	1.86166116127949	4.03276633752164	1.21181139674387	3.3278828276064	0.000875086638972466	0.0451115086182294	0	6.67252703504174	2.5016359867054	5.09617412761267	2.41748755621732	4.67663669708307	0	0	0.975472532693683	0	0	0
sus_circKCTD3_16	10:5761746|5812467	2.3104632355994	4.88597064354995	1.09501593798705	4.46200870147309	8.11949281199551e-06	0.0014080772050738	2.89767944782723	2.85965444358932	7.50490796011619	3.8221305957095	3.62623133432597	7.0149550456246	0	0	0	0	0	0
sus_circKDM7A_33	18:9651790|9652810	10.0559313665626	2.08714005100203	0.441166152533983	4.73096142805574	2.2345898175389e-06	0.000500548119128713	14.4883972391362	19.0643629572621	23.7655418737013	14.0144788509348	13.2961815591952	13.2504706417354	3.34536447160006	3.9310310261326	2.92641759808105	4.3304359163878	2.61030856525229	5.64818569933301
sus_circLONP1_5	2:73280306|73281077	3.44693207953355	3.2537575904098	0.880065409168234	3.69717700129242	0.000218010341056466	0.0162781054655495	5.79535889565446	11.4386177743573	6.25408996676349	7.644261191419	3.62623133432597	3.11775779805538	0.669072894320013	0	0	2.1652179581939	0.652577141313073	0
sus_circME1_14	1:82875117|82891579	689.486321062412	2.03965331991807	0.433969242635805	4.69999511377765	2.60167715731366e-06	0.000559464655908729	1331.96665285125	2187.63564934583	950.621674948051	713.464377865773	1248.63232278624	222.140243111446	141.843453595843	281.068718368481	404.821101067878	399.121843627076	105.717496892718	286.802318288354
sus_circMLLT10_51	10:53197803|53202893	40.1237183953605	1.74512804947725	0.464489272233926	3.7570901069129	0.000171900612292716	0.0135902601718477	28.0109013289966	105.807214412805	56.2868097008714	82.8128295737058	47.1410073462377	52.2224431174276	30.1082802444006	7.86206205226521	14.6320879904052	41.1391412056841	10.4412342610092	5.02060951051823
sus_circMSRB3_4	5:29732023|29753021	21.5900931653905	1.82785890054138	0.497525957502292	3.67389655349381	0.000238879475588208	0.017592000832359	21.2496492840664	31.4561988794825	17.5114519069378	15.288522382838	20.5486442278472	96.6504917397168	15.3886765693603	3.9310310261326	10.7301978596305	12.2695684297654	6.52577141313073	7.53091426577734
sus_circPKD2_20	8:131012687|131016781	4.56703247888918	3.00222062311714	0.779013701760744	3.85387396438785	0.000116263460997509	0.00992114867178743	10.6248246420332	1.90643629572621	11.2573619401743	10.1923482552253	8.46120644676061	7.0149550456246	3.34536447160006	0	0	0.721739319397967	0.652577141313073	0.627576188814778
sus_circPPP1R12A_67	5:101620911|101629141	2.63188428046328	3.97509359744223	1.19516479975423	3.32597947852853	0.000881084152699792	0.0451115086182294	0.965893149275744	2.85965444358932	0	6.37021765951583	13.2961815591952	5.45607614659691	0.669072894320013	1.9655155130663	0	0	0	0
sus_circPPP2R5A_19	9:131042755|131046226	25.2799598352574	1.8816344490285	0.474135945829928	3.96855472692517	7.23098521893204e-05	0.00670237526499632	20.2837561347906	70.5381429418699	25.016359867054	40.7693930209013	49.558494902455	31.1775779805538	14.7196036750403	19.655155130663	0	12.9913077491634	11.7463885436353	6.90333807696256
sus_circPRDM2_5	6:73137415|73166221	7.81996596138088	2.33072889577287	0.655928888312466	3.55332557736438	0.000380393359850638	0.0244308617762988	5.79535889565446	9.53218147863106	6.25408996676349	29.3030012337728	16.9224128935212	11.6915917427077	4.01443736592008	0	0.975472532693683	4.3304359163878	0	5.02060951051823
sus_circPRDM2_7	6:73137415|73172671	4.07601063943358	2.79518944463088	0.73165094122311	3.82038659030237	0.000133242662180533	0.0111923836231647	8.69303834348169	4.76609073931553	5.00327197341079	10.1923482552253	6.04371889054329	8.57383394465229	1.33814578864003	0	0.975472532693683	1.44347863879593	0	1.88272856644433
sus_circPRKAR1A_5	12:11669306|11671052	143.753739341015	1.89537026870539	0.40575756527866	4.67118898301679	2.99461262382602e-06	0.000619193748680335	228.916676378351	180.158229946127	361.48640007893	143.966919105058	171.641616491429	273.58324677936	131.807360181042	56.9999498789227	69.2585498212515	12.2695684297654	54.1639027289851	40.7924522729606
sus_circPSPC1_25	11:534135|562934	13.1942267434237	1.82841062494603	0.481026006284823	3.80106397794925	0.00014407609198679	0.0118020095345047	29.9426876275481	42.8948166538398	11.2573619401743	10.1923482552253	15.7136691154126	14.8093495407631	5.3525831545601	1.9655155130663	2.92641759808105	7.93913251337764	7.17834855444381	8.15849045459212
sus_circPSPC1_30	11:552302|562934	19.1089115485929	1.38167597713773	0.392539839753868	3.51983629993856	0.000431813222291794	0.0266830791154102	15.4542903884119	29.5497625837563	13.7589979268797	31.8510882975792	44.7235197900203	29.6186990815261	13.3814578864003	15.7241241045304	4.87736266346842	9.38261115217358	7.17834855444381	13.8066761539251
sus_circPTPN4_50	15:31364330|31387416	17.891919410127	2.57268211637983	0.5954602839214	4.32049321482442	1.55680843470658e-05	0.00241286597187953	31.8744739260995	27.6433262880301	26.2671778604067	53.509828339933	32.6360820089338	11.6915917427077	0	7.86206205226521	0	5.77391455518374	13.0515428262615	4.39303332170345
sus_circRBKS_1	3:111323715|111359571	4.32317816563378	5.77842776940549	1.03559260867726	5.57982716464744	2.40757695145315e-08	1.17664851736474e-05	9.65893149275744	12.3918359222204	15.0098159202324	7.644261191419	4.83497511243463	2.33831834854153	0	0	0	0	0	0
sus_circRBM25_28	7:96456784|96461362	2.10842658409254	4.73604177436376	1.17989739268766	4.01394375791919	5.97125803260857e-05	0.00629440846731445	3.86357259710298	5.71930888717864	1.2508179933527	7.644261191419	6.04371889054329	0.779439449513845	0	0	0	0	0	0
sus_circRICTOR,U4_5	16:24193110|24213797	2.67651478326301	3.62398235125858	1.10901309951818	3.26775432394174	0.00108404420859705	0.0490853106207336	0	4.76609073931553	3.7524539800581	5.09617412761267	4.83497511243463	11.6915917427077	0	0	0	0.721739319397967	0	1.25515237762956
sus_circRWDD1_2	1:82175965|82177152	1.62877612502172	4.3994348278154	1.23396546604003	3.56528197011364	0.000363465211058223	0.0244248621831126	2.89767944782723	3.81287259145243	3.7524539800581	0	3.62623133432597	5.45607614659691	0	0	0	0	0	0
sus_circSLC30A6_17	3:107410925|107416547	11.2639003393256	1.35064692265629	0.409088919120183	3.30159742669416	0.00096135941192305	0.0466991249687393	17.3860766869634	14.2982722179466	13.7589979268797	14.0144788509348	14.5049253373039	21.8243045863877	2.67629157728005	7.86206205226521	10.7301978596305	7.21739319397967	5.87319427181766	5.02060951051823
sus_circTMEM87A_3	1:129106542|129114618	6.78788331327157	4.63145931578555	0.863113665501655	5.36599002066972	8.0506392883141e-08	3.09144548671261e-05	14.4883972391362	6.67252703504174	21.2639058869959	12.7404353190317	12.0874377810866	11.6915917427077	0	0	0	0	0	2.51030475525911
sus_circULK2_6	12:59821853|59822490	33.5520132347319	2.64830666207454	0.344610353903494	7.68493062404093	1.53079924681805e-14	2.74319225029794e-11	61.8171615536476	61.9591796111019	72.5474436144565	53.509828339933	51.9759824586723	42.0897302737476	9.36702052048018	19.655155130663	4.87736266346842	8.66087183277561	12.3989656849484	3.76545713288867
sus_circUPRT_2	X:60437209|60444645	2.74392370894068	3.39626358190695	1.03413779620445	3.28414994053221	0.00102290485416574	0.047724964053961	2.89767944782723	3.81287259145243	8.75572595346889	3.8221305957095	4.83497511243463	3.89719724756922	0	3.9310310261326	0.975472532693683	0	0	0
sus_circUSP8_39	1:121330342|121350467	3.14273055083341	4.33537415353183	1.0665738563962	4.064766942798	4.80804815761412e-05	0.00561914497724642	11.5907177913089	8.57896333076796	6.25408996676349	2.54808706380633	1.20874377810866	6.23551559611076	0.669072894320013	0	0	0	0	0.627576188814778
sus_circVDAC1_13	2:136318558|136320614	4.54146928680135	3.02692599121076	0.899070703781684	3.3667274203006	0.000760658337003161	0.0423204276706545	9.65893149275744	0	13.7589979268797	5.09617412761267	12.0874377810866	8.57383394465229	3.34536447160006	0	0	0.721739319397967	0	1.25515237762956
sus_circWDFY3_3	8:133695707|133705563	28.5411951872042	1.68880377847933	0.470754708535386	3.58743895251424	0.000333941884230929	0.0227249565775376	13.5225040898604	76.2574518290485	18.7622699002905	30.577044765676	99.1169898049099	24.1626229349292	18.7340410409604	7.86206205226521	15.6075605230989	12.9913077491634	11.0938114023222	13.8066761539251
sus_circZBTB41_5	10:20060944|20073030	5.42089830993086	2.84977816075192	0.862642897167826	3.30354329712576	0.000954712253947065	0.0466991249687393	7.72714519420595	16.2047085136728	17.5114519069378	5.09617412761267	1.20874377810866	10.13271284368	0.669072894320013	0	0	0	5.87319427181766	0.627576188814778
sus_circZEB1_58	10:42185715|42194913	2.53670602729028	5.00261971799294	1.24373420972916	4.02225787379632	5.76428977683479e-05	0.00629440846731445	3.86357259710298	6.67252703504174	1.2508179933527	10.1923482552253	8.46120644676061	0	0	0	0	0	0	0
sus_circZNF644_17	4:125780952|125783720	22.2694606169091	1.56129192400765	0.368428476206565	4.23770697662439	2.25814216735325e-05	0.00291345639860264	20.2837561347906	53.380216280334	38.7753577939337	29.3030012337728	39.8885446775857	17.9271073388184	6.02165604888011	11.7930930783978	11.7056703923242	14.4347863879593	13.0515428262615	10.6687952098512
sus_circ2:133694102|133702800	2:133694102|133702800	2.20436493323057	-4.52121556291053	1.14378910206767	-3.95284021742939	7.72290096395583e-05	0.00703700264105534	0	0	0	0	0	0	6.02165604888011	3.9310310261326	2.92641759808105	0.721739319397967	7.83092569575688	5.02060951051823
sus_circ2:70501959|70505522	2:70501959|70505522	30.8091925604755	-1.55355643650289	0.390339381078348	-3.98001460219322	6.8911035248543e-05	0.00658277969443179	24.1473287318936	14.2982722179466	25.016359867054	20.3846965104507	6.04371889054329	4.67663669708307	25.4247699841605	51.1034033397238	42.9207914385221	50.5217523578577	58.7319427181766	46.4406379722936
sus_circABLIM2_12	8:3012369|3014564	1.93295271160891	-4.32467905869646	1.2882358071534	-3.35705546661729	0.000787773073647971	0.0423506804393149	0	0	0	0	0	0	8.02887473184015	1.9655155130663	7.80378026154947	2.88695727759187	0	2.51030475525911
sus_circACAP2_22	13:132321056|132337788	29.5461442924218	-1.74850707066566	0.348525067855942	-5.01687606410102	5.25184220210424e-07	0.000148599493044802	14.4883972391362	10.4853996264942	12.508179933527	14.0144788509348	12.0874377810866	16.3682284397907	34.1227176103206	76.6551050095858	26.3377583827294	66.400017384613	37.1968970548452	33.889114195998
sus_circAGTPBP1_63	10:29569850|29573233	3.40128027510907	-4.09486051715747	1.04583057754504	-3.91541479574031	9.02489129859509e-05	0.00795374026577823	0	0	0	2.54808706380633	0	0	4.68351026024009	5.8965465391989	1.95094506538737	7.93913251337764	5.87319427181766	11.9239475874808
sus_circARL8B_4	13:61681808|61687986	9.34087158552772	-1.67074224807896	0.501954271159146	-3.32847501072313	0.000873228385150328	0.0451115086182294	1.93178629855149	3.81287259145243	10.0065439468216	1.27404353190317	4.83497511243463	5.45607614659691	12.0433120977602	9.82757756533151	7.80378026154947	23.095658220735	16.3144285328268	15.6894047203695
sus_circATRX_77	X:61720719|61728597	2.35201094281758	-4.57416811392612	1.14850105197727	-3.98272871065392	6.81285092440759e-05	0.00658277969443179	0	0	0	0	0	0	8.02887473184015	5.8965465391989	7.80378026154947	0.721739319397967	3.26288570656537	2.51030475525911
sus_circB4GALT6_10	6:115546277|115574834	7.94296310529704	-1.90037093363525	0.534953902901945	-3.55240128789861	0.000381732215254669	0.0244308617762988	4.82946574637872	5.71930888717864	1.2508179933527	2.54808706380633	4.83497511243463	0.779439449513845	7.35980183752014	17.6896396175967	8.77925279424315	10.8260897909695	15.0092742502007	15.6894047203695
sus_circBDP1_20	16:47810330|47817069	3.83929402505991	-3.38340458881169	0.902319369259376	-3.74967523038853	0.000177063734642757	0.0137955744556444	1.93178629855149	0	0	0	1.20874377810866	0.779439449513845	11.3742392034402	3.9310310261326	8.77925279424315	6.49565387458171	7.17834855444381	4.39303332170345
sus_circBIRC6_245	3:107207592|107229406	3.50091021217898	-4.1853383859792	1.27015333005641	-3.29514420577343	0.000983711850449575	0.0469204395838882	0	0.953218147863106	0	0	0	0.779439449513845	4.68351026024009	0	3.90189013077473	7.21739319397967	0	24.4754713637764
sus_circCCAR1_12	14:71844195|71857332	5.98259580963213	-2.92779474480437	0.733494264998972	-3.99157141986444	6.56369145565322e-05	0.00658277969443179	1.93178629855149	2.85965444358932	1.2508179933527	0	0	1.55887889902769	3.34536447160006	21.6206706437293	9.75472532693683	5.77391455518374	12.3989656849484	11.296371398666
sus_circCEP162_24	1:53378683|53388118	2.47209874164963	-4.19287772329256	1.06946890539721	-3.92052326358689	8.83569055581609e-05	0.00791677873801122	0	0.953218147863106	0	0	0	0	7.35980183752014	1.9655155130663	2.92641759808105	3.60869659698984	7.83092569575688	5.02060951051823
sus_circCLIP1_41	14:30413534|30417971	4.56944875534697	-5.4848549957842	1.10296164242062	-4.97284292112539	6.59781197123889e-07	0.000168903986463716	0	0	0	0	0	0	4.68351026024009	25.5517016698619	5.8528351961621	12.2695684297654	5.22061713050459	1.25515237762956
sus_circCOG3_34	11:21789455|21805764	11.3850324292507	-4.00459592668316	1.22808679067194	-3.26084113688093	0.00111082256791987	0.0493535712821259	7.72714519420595	0	0	0	0	0	16.0577494636803	56.9999498789227	27.3132309154231	13.7130470685614	9.7886571196961	5.02060951051823
sus_circCOP1_49	9:118068519|118083148	7.37993997248067	-2.16709923361125	0.558971544408761	-3.87694016857951	0.000105778356917938	0.00917200720630378	0.965893149275744	2.85965444358932	6.25408996676349	0	1.20874377810866	4.67663669708307	17.3958952523203	9.82757756533151	10.7301978596305	11.5478291103675	13.0515428262615	10.0412190210365
sus_circCPSF3_5	3:126871893|126883162	3.43319988728928	-2.81914939821802	0.844731213591479	-3.33733305086722	0.000845865217252475	0.0450234792866268	0.965893149275744	0	2.5016359867054	0	0	1.55887889902769	7.35980183752014	5.8965465391989	5.8528351961621	3.60869659698984	7.17834855444381	6.27576188814778
sus_circCSNK1G3_3	2:127051486|127065981	2.73957576707663	-4.82176982691015	1.04541564830864	-4.61229926557078	3.98239067186748e-06	0.000792938231554059	0	0	0	0	0	0	4.68351026024009	5.8965465391989	3.90189013077473	3.60869659698984	9.13607997838302	5.64818569933301
sus_circDARS2_1	9:116111679|116120575	1.5089762803202	-3.93756579164575	1.17233184828609	-3.35874675536824	0.000782967838265179	0.0423506804393149	0	0	0	0	0	0	4.01443736592008	3.9310310261326	2.92641759808105	2.1652179581939	1.30515428262615	3.76545713288867
sus_circDCP2_10	2:116750435|116783960	7.03330404882557	-2.51508807819923	0.589997120323426	-4.26288195579751	2.01807138955522e-05	0.00273131332362892	3.86357259710298	0.953218147863106	2.5016359867054	2.54808706380633	0	2.33831834854153	8.69794762616016	17.6896396175967	9.75472532693683	7.93913251337764	13.0515428262615	15.0618285315547
sus_circDCUN1D4_6	8:39008497|39032833	6.13795012374634	-6.01910826658602	0.966908545573874	-6.22510608075513	4.81230292116189e-10	3.69584864345233e-07	0	0	0	0	0	0	18.7340410409604	5.8965465391989	6.82830772885578	11.5478291103675	13.7041199675745	16.944557097999
sus_circDISP1_9	10:11693303|11694808	13.5050533152618	-1.61613005834787	0.405847752427478	-3.9821091743921	6.83063885174051e-05	0.00658277969443179	6.76125204493021	9.53218147863106	6.25408996676349	3.8221305957095	6.04371889054329	7.79439449513845	21.4103326182404	9.82757756533151	14.6320879904052	20.2087009431431	30.6711256417144	25.1030475525911
sus_circDMD_100	X:28437952|28486118	13.0778392407333	-1.91714034356967	0.513968189824345	-3.73007587147539	0.000191422119213182	0.0147012187555724	10.6248246420332	2.85965444358932	5.00327197341079	2.54808706380633	4.83497511243463	5.45607614659691	13.3814578864003	51.1034033397238	21.460395719261	17.3217436655512	9.7886571196961	12.5515237762956
sus_circENSSSCG00000028485_2	6:168716698|168717962	23.1410228239833	-7.91337270851207	0.913801548811529	-8.6598372686105	4.72438215262493e-18	2.53982784525116e-14	0	0	0	0	0	0	47.5041754967209	23.5861861567956	36.0924837096663	56.2956669130415	32.6288570656537	81.5849045459212
sus_circENSSSCG00000041410_2	7:23022971|23023608	7.39470872902179	-6.23259433687241	0.96714962202894	-6.44429175684041	1.16141477913429e-10	1.04062764210432e-07	0	0	0	0	0	0	16.7268223580003	19.655155130663	14.6320879904052	20.9304402625411	12.3989656849484	4.39303332170345
sus_circENSSSCG00000041410_4	7:23022971|23026682	3.19811655997302	-4.98563902560494	1.1193223437681	-4.45415840518399	8.42229037136074e-06	0.0014149447823886	0	0	0	0	0	0	5.3525831545601	11.7930930783978	11.7056703923242	4.3304359163878	4.56803998919151	0.627576188814778
sus_circENSSSCG00000043604_6	X:59556112|59571888	9.76010712092051	-6.68125788936969	1.01484837916062	-6.58350353271071	4.59489665224593e-11	4.94043288049482e-08	0	0	0	0	0	0	35.4608633989607	0	16.5830330557926	21.652179581939	19.5773142393922	23.8478951749616
sus_circENSSSCG00000050244_52	12:59319172|59323398	41.9942674541549	-1.04084634478546	0.2597292901453	-4.00742767287889	6.13836507650052e-05	0.00634612512524362	17.3860766869634	35.2690714709349	27.5179958537594	31.8510882975792	30.2185944527164	24.1626229349292	72.2598725865614	45.2068568005249	46.8226815692968	57.0174062324394	52.2061713050459	64.0127712591074
sus_circETFA_15	7:56509179|56519340	4.96913032165809	-2.23459081674464	0.644756115891696	-3.46579235414341	0.000528671407236511	0.0312322800582801	2.89767944782723	1.90643629572621	3.7524539800581	0	1.20874377810866	0.779439449513845	10.7051663091202	7.86206205226521	8.77925279424315	5.77391455518374	7.17834855444381	8.7860666434069
sus_circFAM13A_16	8:130257256|130264004	8.38766619301911	-2.39787225984048	0.556040436626626	-4.31240626021346	1.61487355884257e-05	0.00241286597187953	1.93178629855149	1.90643629572621	3.7524539800581	5.09617412761267	3.62623133432597	0.779439449513845	24.0866241955205	7.86206205226521	15.6075605230989	13.7130470685614	8.48350283706995	13.8066761539251
sus_circFIG4_27	1:75753869|75759232	3.24208339705154	-3.44130807602777	1.04646814928277	-3.28849767514317	0.00100723616359165	0.0474991369777956	0	0	1.2508179933527	1.27404353190317	0	0.779439449513845	0.669072894320013	11.7930930783978	6.82830772885578	3.60869659698984	3.91546284787844	8.7860666434069
sus_circFIG4_6	1:75718076|75739270	3.59745331404791	-5.24951542070038	1.06346715869091	-4.93622711129352	7.96483515143067e-07	0.000194631608064051	0	0	0	0	0	0	7.35980183752014	3.9310310261326	1.95094506538737	5.05217523578577	10.4412342610092	14.4342523427399
sus_circGPSM2_28	4:111151356|111151658	5.57902972176696	-3.06628804929081	0.939214166626346	-3.26473786091292	0.00109565425492709	0.0490853106207336	0.965893149275744	1.90643629572621	0	1.27404353190317	2.41748755621732	0.779439449513845	2.00721868296004	0	0.975472532693683	12.2695684297654	27.4082399351491	16.944557097999
sus_circGTF2I_94	3:11792080|11794655	6.2400981690833	-2.29107445131399	0.701268742837299	-3.26704202164268	0.00108677547624345	0.0490853106207336	6.76125204493021	2.85965444358932	1.2508179933527	1.27404353190317	0	0	10.7051663091202	19.655155130663	10.7301978596305	10.8260897909695	3.91546284787844	6.90333807696256
sus_circHEBP1_1	5:59503417|59504763	2.20696919889053	-4.497915457745	1.11276637397527	-4.04210224440603	5.29741232093334e-05	0.00605933800794418	0	0	0	0	0	0	1.33814578864003	3.9310310261326	7.80378026154947	5.05217523578577	5.22061713050459	3.13788094407389
sus_circHMMR_6	16:60299435|60314538	6.65664300824358	-5.09335645320186	1.11458537900475	-4.56973198208459	4.88348339594733e-06	0.000937628812021887	0	0	0	1.27404353190317	0	0.779439449513845	0.669072894320013	19.655155130663	2.92641759808105	5.05217523578577	31.3237027830275	18.1997094756286
sus_circHPS5_16	2:40910438|40920659	6.17036390232063	-2.48268374428584	0.738167941456871	-3.36330475065869	0.00077015293667248	0.0423204276706545	0	3.81287259145243	3.7524539800581	0	2.41748755621732	1.55887889902769	12.0433120977602	0	16.5830330557926	12.9913077491634	4.56803998919151	16.3169809091842
sus_circHSPBAP1_18	13:137806868|137808141	7.21899298849017	-5.22740384314499	0.934089264388564	-5.59625727693888	2.19028601434135e-08	1.17664851736474e-05	1.93178629855149	0	0	0	0	0	13.3814578864003	11.7930930783978	19.5094506538737	8.66087183277561	15.6618513915138	15.6894047203695
sus_circLGALS12_1	2:8472307|8472709	4.08884240184028	-4.31064297590136	1.04842642570203	-4.1115359840486	3.93035602186052e-05	0.00469546532744936	0	0	2.5016359867054	0	0	0	4.68351026024009	11.7930930783978	16.5830330557926	5.77391455518374	5.22061713050459	2.51030475525911
sus_circLGR4_9	2:32949754|32963491	4.24176085023891	-4.94782052196075	0.983582200245187	-5.03040876576189	4.89435242111687e-07	0.00014617799231069	0	0	0	1.27404353190317	0	0	5.3525831545601	5.8965465391989	9.75472532693683	10.8260897909695	5.87319427181766	11.9239475874808
sus_circLRRIQ3_6	6:138964559|138981411	21.0520796182586	-2.05353932041509	0.484791353822887	-4.23592397888625	2.27613781140832e-05	0.00291345639860264	17.3860766869634	4.76609073931553	5.00327197341079	17.8366094466443	1.20874377810866	3.11775779805538	40.1443736592008	39.310310261326	27.3132309154231	32.4782693729085	17.619582815453	46.4406379722936
sus_circMRS2_13	7:19265492|19273195	10.9626325028755	-2.4901728015687	0.588773406189575	-4.22942472501366	2.34289654842055e-05	0.00292916554518811	2.89767944782723	1.90643629572621	5.00327197341079	3.8221305957095	0	6.23551559611076	38.8062278705607	7.86206205226521	9.75472532693683	30.3130514147146	12.3989656849484	12.5515237762956
sus_circNONO_1	X:57305746|57307466	7.43776789538327	-2.25921139688894	0.683424906024577	-3.3057200242095	0.000947326942489294	0.0466991249687393	6.76125204493021	0.953218147863106	2.5016359867054	0	1.20874377810866	3.11775779805538	3.34536447160006	25.5517016698619	13.6566154577116	14.4347863879593	3.91546284787844	13.8066761539251
sus_circPAN3_48	11:5587551|5602241	6.16117150176621	-3.73172246736247	0.823274419212367	-4.53278078399744	5.82122193390599e-06	0.00107913410747168	1.93178629855149	0.953218147863106	2.5016359867054	0	0	0	23.4175513012004	5.8965465391989	12.6811429250179	9.38261115217358	5.87319427181766	11.296371398666
sus_circPATJ_22	6:150318008|150327395	2.62653402221125	-4.153319425969	1.18581014975368	-3.50251634026892	0.000460885513104516	0.0278395563870773	0	0	0	1.27404353190317	0	0	10.7051663091202	11.7930930783978	2.92641759808105	2.88695727759187	1.30515428262615	0.627576188814778
sus_circPKD2_11	8:131006241|131011078	5.43881820508164	-5.80081243088505	0.975468579092776	-5.94669326640949	2.73613437819144e-09	1.83868230214465e-06	0	0	0	0	0	0	12.7123849920802	9.82757756533151	18.53397812118	9.38261115217358	9.7886571196961	5.02060951051823
sus_circPLCB1_47	17:17623991|17630911	3.72054679247867	-2.92793747136086	0.884679208926104	-3.30960357361062	0.000934281922971879	0.0466991249687393	1.93178629855149	0.953218147863106	0	0	1.20874377810866	0.779439449513845	8.02887473184015	7.86206205226521	12.6811429250179	2.1652179581939	6.52577141313073	2.51030475525911
sus_circRAB6A_20	9:8147104|8161582	10.3496713419947	-1.77757283278648	0.485526362032199	-3.6611252689686	0.000251109936694479	0.0178149881985858	5.79535889565446	2.85965444358932	0	3.8221305957095	4.83497511243463	9.35327339416614	13.3814578864003	23.5861861567956	14.6320879904052	20.9304402625411	13.7041199675745	11.296371398666
sus_circRXRA_2	1:273771031|273777030	1.90222089380328	-4.26622096120478	1.21083091377618	-3.52338292049372	0.000426075295422796	0.0266830791154102	0	0	0	0	0	0	0.669072894320013	3.9310310261326	9.75472532693683	1.44347863879593	3.26288570656537	3.76545713288867
sus_circSLC5A10_24	12:60361138|60376568	6.93674334181565	-5.17139688287193	0.938014444358544	-5.51313139576264	3.52504859029616e-08	1.57922176845268e-05	0.965893149275744	0.953218147863106	0	0	0	0	16.7268223580003	11.7930930783978	15.6075605230989	6.49565387458171	15.0092742502007	15.6894047203695
sus_circSLC5A10_25	12:60361138|60376920	11.9157897455313	-3.62602600601089	0.636353787954504	-5.69812905124111	1.21129349463106e-08	7.23545980792956e-06	0.965893149275744	0	1.2508179933527	2.54808706380633	3.62623133432597	2.33831834854153	35.4608633989607	41.2758257743923	14.6320879904052	11.5478291103675	12.3989656849484	16.944557097999
sus_circSNX7_9	4:119216681|119229594	3.7467984239435	-3.7060360398405	1.04062559929483	-3.56135390322114	0.000368947383797461	0.0244308617762988	0	1.90643629572621	1.2508179933527	0	0	0	4.68351026024009	9.82757756533151	6.82830772885578	2.1652179581939	2.61030856525229	15.6894047203695
sus_circSTK39_26	15:74668450|74690511	4.79662693956713	-2.99253368933791	0.821290177434244	-3.64369838037848	0.000268748336583166	0.0187635202268974	3.86357259710298	0.953218147863106	1.2508179933527	0	0	0	4.01443736592008	15.7241241045304	10.7301978596305	10.1043504715715	6.52577141313073	4.39303332170345
sus_circTCP1_7	1:7594612|7598381	8.23234489545831	-2.86967255359072	0.755243203060859	-3.79966683839123	0.000144890742053072	0.0118020095345047	0.965893149275744	2.85965444358932	1.2508179933527	1.27404353190317	4.83497511243463	0.779439449513845	28.1010615614405	19.655155130663	27.3132309154231	2.1652179581939	4.56803998919151	5.02060951051823
sus_circTMEM237_8	15:105263579|105266463	5.50719431029614	-5.80486524883204	1.14616108756048	-5.06461553426777	4.09225393462091e-07	0.000129411512661894	0	0	0	0	0	0	2.00721868296004	21.6206706437293	0.975472532693683	18.7652223043472	3.26288570656537	19.4548618532581
sus_circTMEM44,LSG1_8	13:131635186|131653366	21.7773401390098	-7.78782048190029	0.966896109383461	-8.05445425451777	7.98342070807159e-16	2.14594348632964e-12	0	0	0	0	0	0	9.36702052048018	86.4826825749173	66.3321322231704	32.4782693729085	36.5443199135321	30.1236570631094
sus_circUHRF1BP1L_72	5:84007999|84034579	2.21146868342347	-4.46580279646585	1.11132372394798	-4.01845357948545	5.85813470149282e-05	0.00629440846731445	0	0	0	0	0	0	4.01443736592008	7.86206205226521	2.92641759808105	1.44347863879593	6.52577141313073	3.76545713288867
sus_circURI1_2	6:40073252|40106140	1.93098700648858	-3.75974227811472	1.10367473553219	-3.40656731287936	0.000657853264113911	0.0380281628803912	0	0	0	0	1.20874377810866	0	2.67629157728005	3.9310310261326	1.95094506538737	5.77391455518374	2.61030856525229	5.02060951051823
sus_circUTRN_162	1:20873894|20888975	3.91254519077497	-5.28050264652598	1.02185370197216	-5.16757206666148	2.37154534864911e-07	8.49961852955841e-05	0	0	0	0	0	0	3.34536447160006	13.7586085914641	8.77925279424315	10.8260897909695	5.22061713050459	5.02060951051823
sus_circVPS26A_8	14:72217555|72236967	2.15055723197509	-4.49799049211011	1.11677840784368	-4.02764815340137	5.63375673463915e-05	0.00629440846731445	0	0	0	0	0	0	8.02887473184015	1.9655155130663	5.8528351961621	3.60869659698984	1.95773142393922	4.39303332170345
sus_circVPS36_1	11:15709103|15712263	4.95768897563622	-4.14145042422131	0.96173570021053	-4.30622511290235	1.66064064284864e-05	0.00241286597187953	1.93178629855149	0.953218147863106	0	0	0	0	2.67629157728005	13.7586085914641	9.75472532693683	9.38261115217358	8.48350283706995	12.5515237762956
sus_circVRK2_14	3:83494202|83500501	3.59420986239281	-2.97474581861838	0.866093059545903	-3.43467227433742	0.000593270839711138	0.0346676525465986	0	0	0	1.27404353190317	0	3.11775779805538	6.69072894320013	5.8965465391989	4.87736266346842	7.21739319397967	6.52577141313073	7.53091426577734
sus_circZC3H6_23	3:44102881|44122061	25.19837761674	-1.92686053806832	0.387431886665669	-4.97341753321168	6.57827648931024e-07	0.000168903986463716	17.3860766869634	8.57896333076796	18.7622699002905	6.37021765951583	6.04371889054329	5.45607614659691	33.4536447160006	60.9309809050554	40.9698463731347	22.373918901337	45.027822750602	37.0269951400719
sus_circZC3H6_26	3:44105997|44122061	3.51766327378783	-3.61642443007338	0.955130296539764	-3.78631527360709	0.000152897663680003	0.0122683259693089	0.965893149275744	0	0	0	1.20874377810866	0.779439449513845	6.02165604888011	9.82757756533151	4.87736266346842	5.05217523578577	7.83092569575688	5.64818569933301
sus_circZNF532_14	1:161909790|161924707	32.5269877335927	-1.27604646696759	0.320857898162497	-3.97698318874278	6.97950972065871e-05	0.00658277969443179	16.4201835376876	24.7836718444408	18.7622699002905	21.6587400423538	10.8786940029779	21.0448651368738	74.2670912695214	53.0689188527901	29.2641759808105	41.8608805250821	45.6803998919151	32.6339618183685
