circ_id	circ_name	logFC	logCPM	LR	PValue	DE	FDR
1:106923369|106926988	sus_circNARS1_12	5.53024312011699	-2.62542769974872	34.7336719510312	3.78036073024286e-09	1	7.71366855503013e-06
1:109970586|109980151	sus_circVPS13C_17	5.73159086088812	-2.43108307333441	37.2302916205567	1.04970502121137e-09	1	2.57025522968709e-06
1:115553445|115579538	sus_circTEX9_17	3.28406115528978	1.48671648528034	19.0818174855121	1.25232334032562e-05	1	0.00447646177365592
1:115553445|115585772	sus_circTEX9_19	2.67361766300561	-0.967560893689895	12.9862455290439	0.000313787534823165	1	0.0457335993090037
1:115553445|115587291	sus_circTEX9_20	3.7439514815136	-4.23520631522288	13.212378925519	0.0002781061513049	1	0.0423612327699915
1:115575635|115579538	sus_circTEX9_24	4.75675152533499	-2.02365265511714	30.9634752949967	2.62930184172292e-08	1	3.38840896028982e-05
1:115575635|115585772	sus_circTEX9_27	4.09486056228553	-4.03489478009725	16.4170030597251	5.08272529951331e-05	1	0.0124310789395927
1:115791744|115820705	sus_circRFX7_5	3.40256725726776	-3.1851078467394	16.2752421498082	5.47749772564704e-05	1	0.0130529703709324
1:11656690|11658867	sus_circTIAM2_5	2.83244486046585	-2.24116273805988	13.4824574299774	0.000240804217732565	1	0.0379265820080061
1:121192913|121216490	sus_circTRPM7_61	-3.44556635091562	-3.56179316533223	13.740747908561	0.000209851922879927	-1	0.0343756888507134
1:129106542|129114618	sus_circTMEM87A_3	3.49993228657786	-2.26297886598403	12.8960689170497	0.000329272989768329	1	0.0472868844045303
1:129988313|129990525	sus_circNDUFAF1_6	3.71988100615479	-3.51856716328415	17.1016892342172	3.54307773850017e-05	1	0.00948131475038753
1:138371349|138417939	sus_circMEF2A_6	3.88097949212092	-3.91079222165759	15.9341343755428	6.55851983789587e-05	1	0.0151208698334158
1:145950262|145964893	sus_circNFATC1_5	3.95471899974282	-3.05173067426317	20.8200082689428	5.04531166917858e-06	1	0.00218649520133933
1:145962448|145964893	sus_circNFATC1_9	2.9389498980274	-2.31879319351725	14.2641145306482	0.000158864943994381	1	0.0281875912041625
1:159375767|159381432	sus_circPIGN_47	3.57856288400186	-3.7595966955705	14.938492422459	0.000111073454979622	1	0.0222925334582257
1:162285776|162291108	sus_circALPK2_20	5.34298990186524	-2.77043717931863	32.4792382416197	1.20472715815509e-08	1	1.90877235497512e-05
1:165111743|165114652	sus_circSMAD3_3	5.6867315068623	-2.01987661371033	38.9746297906807	4.29349088646019e-10	1	1.31410338875526e-06
1:169453679|169482865	sus_circMYO9A_71	3.868284726675	-2.43392952999814	21.9202081039446	2.84225099230507e-06	1	0.00135793047165046
1:169468880|169482865	sus_circMYO9A_80	2.64020566814815	-0.166041576269635	12.8777060721644	0.000332519567001274	1	0.0476134962445012
1:169821469|169829760	sus_circENSSSCG00000004983_25	3.18790975458056	-0.634637058690764	17.7457369529475	2.52482634140228e-05	1	0.00753922382712262
1:182134580|182139525	sus_circTXNDC16_15	4.32789153977063	-4.17681055197814	16.5841108720779	4.65392989364899e-05	1	0.0116875692729172
1:189746194|189748073	sus_circMNAT1_2	3.46312097908446	-2.57751850028036	18.1690115211482	2.0214132460823e-05	1	0.00649118872615713
1:219191678|219198006	sus_circVLDLR_5	3.50028140890614	-2.52904830590054	18.5538415704804	1.65172012476828e-05	1	0.00559767378754516
1:219193192|219198006	sus_circVLDLR_8	4.15465482384085	-2.444707692095	24.3529438610065	8.02040824020054e-07	1	0.000491043423772843
1:22274446|22285821	sus_circHIVEP2_12	3.81749372768832	-4.20262432296474	13.7884491938232	0.000204590227202809	1	0.0338754814926758
1:228032343|228037829	sus_circC9orf40_12	3.73679113257646	-1.70286798180118	22.1115269623731	2.57260330888332e-06	1	0.00125982956639325
1:230091380|230101283	sus_circVPS13A_3	4.47672180476627	2.26667577900571	31.7424636441596	1.76031003076511e-08	1	2.46297550047423e-05
1:230250825|230260047	sus_circVPS13A_122	3.12023906035893	-3.59286375330278	12.7506720455788	0.000355881269945193	1	0.049894451248826
1:230250825|230273337	sus_circVPS13A_124	3.67683971551475	-3.27043276700475	17.94530837975	2.27344106604986e-05	1	0.00710526684905581
1:230259235|230273337	sus_circVPS13A_143	4.78166489754635	-2.11006588792281	30.9264282590649	2.67997341132506e-08	1	3.40885656950648e-05
1:230266504|230273337	sus_circVPS13A_151	3.45118824775561	-3.72189735121099	14.3633773079967	0.000150705118773521	1	0.0275700483124359
1:241822757|241824281	sus_circERP44_13	4.27155582293077	-2.28290801802807	25.9094497866772	3.57813230671752e-07	1	0.000250321024560377
1:242592942|242607645	sus_circENSSSCG00000050727_3	-3.6398007590276	-3.27876237609232	16.382902889581	5.17499236979691e-05	-1	0.0125447846098388
1:248463645|248468871	sus_circRAD23B_2	2.72064543784138	-1.77266072153345	12.9741620414853	0.000315819175711651	1	0.0458931182604608
1:260531642|260533735	sus_circCDK5RAP2_15	4.99250462848261	-3.71283148722723	23.9597259167469	9.83720830497183e-07	1	0.000570104056689675
1:264019073|264020783	sus_circRABGAP1_69	3.2731788846758	-1.20473029869517	18.2348698953627	1.95270909560692e-05	1	0.00631888715556215
1:264094123|264109507	sus_circSTRBP_35	4.85568085016357	-3.7884386378952	22.4823842135082	2.12079603351178e-06	1	0.00107624354981456
1:273771031|273777030	sus_circRXRA_2	4.29179910583603	-3.05481105871404	23.391905520204	1.32133370494269e-06	1	0.000718967031830538
1:33672928|33681370	sus_circARHGAP18_18	3.0759327074497	-3.24566069952242	13.6552597537593	0.000219625241238319	1	0.0356134691678203
1:39257585|39277175	sus_circTRDN_9	3.84189193594375	-3.25982530639297	19.1809316258997	1.18895142299014e-05	1	0.00429698451182658
1:39426717|39441609	sus_circTRDN_30	5.86039084796368	-2.32707702734137	38.8221145276836	4.64238553803837e-10	1	1.33730742460751e-06
1:40116745|40119904	sus_circSERINC1_2	3.05027052869736	-2.81614200766537	14.317848126652	0.000154394065560552	1	0.0278997482825306
1:52134346|52179177	sus_circRIMS1_39	3.26216059432161	-1.0094302286062	18.2857498482254	1.90124078818866e-05	1	0.00622780352096233
1:54494181|54502778	sus_circSNX14_61	4.3927550854351	-0.705411805869562	29.7136033146192	5.00821433531889e-08	1	5.58019943765786e-05
1:56049753|56052896	sus_circENSSSCG00000004307_4	3.05088915317825	-3.36035260445991	13.1092056452484	0.000293848258305762	1	0.0441412363726733
1:71053397|71055262	sus_circHACE1_31	3.93912997871237	-3.67606533313979	17.6658870231884	2.63306710223774e-05	1	0.00774239547699647
1:79882324|79886038	sus_circHDAC2_17	3.83290657466378	-4.21381374836392	13.8652155629706	0.000196400071679229	1	0.0328701196487157
1:79885359|79886038	sus_circHDAC2_20	2.85729645358821	-2.38968236388554	13.4704275560406	0.000242353077034726	1	0.0379980810695719
1:82875117|82891579	sus_circME1_14	4.42733911851201	-2.20024297167994	27.4461758303572	1.6152796298987e-07	1	0.000137568450010033
1:90803041|90805557	sus_circCOL12A1_25	-3.8574525264051	-3.78953063464967	14.9099368304821	0.000112767432699771	-1	0.0224485119786198
1:95648999|95669745	sus_circATP5F1A_9	3.9847170208255	-4.39372278103861	13.4845826578235	0.000240531630965462	1	0.0379265820080061
10:12547679|12551049	sus_circENSSSCG00000041187_2	3.52808072064413	-1.81478487314538	20.0489546213021	7.54847841910801e-06	1	0.00301711986245322
10:14622896|14623605	sus_circCOQ8A_2	-3.93710040789058	-3.42968799353638	17.2866669339534	3.21434363982544e-05	-1	0.00884323721269054
10:25760691|25779015	sus_circENSSSCG00000039368_13	3.46099490778157	-3.46991471061424	15.5891391515135	7.87053743252179e-05	1	0.017519458573092
10:27641998|27648976	sus_circFBP2_8	3.74723488621386	-3.48224563990485	17.439828075733	2.9654686299539e-05	1	0.00837014203328371
10:31215191|31224915	sus_circGKAP1_32	3.94932198726014	-3.66972083607086	17.7774522891983	2.48308539916705e-05	1	0.00748302615892981
10:41402999|41416627	sus_circSVIL_53	3.67487418834534	-1.66978491762982	21.566028872151	3.41853579917255e-06	1	0.0016020011159931
10:41430334|41431903	sus_circSVIL_71	4.35169984156768	-3.84768304248976	19.1860277016049	1.18578154392437e-05	1	0.00429698451182658
10:42061873|42079536	sus_circZEB1_7	3.14370279117318	-1.44062764594065	16.7287411417202	4.31227439735201e-05	1	0.0109702020526091
10:48164054|48164543	sus_circENSSSCG00000026354_26	-3.38064287720955	-2.96826015618502	15.5705225317056	7.9484152968504e-05	-1	0.0175518111491244
10:48735609|48739057	sus_circENSSSCG00000011068_51	3.79116073204637	-3.09739845285559	19.4938338562109	1.00924948954428e-05	1	0.0038165217569477
10:48815859|48817035	sus_circENSSSCG00000011068_108	3.87802838237284	-3.74324346383371	16.9880311090851	3.7616199697824e-05	1	0.00993047393747784
10:53197803|53202893	sus_circMLLT10_51	2.64261000769382	-0.474815129142057	12.8384044465001	0.000339577051200527	1	0.0482463198072106
10:64498378|64502263	sus_circPRKCQ_1	4.26234624769227	-4.21162841150715	16.0208866634363	6.26475295959528e-05	1	0.0145744046168333
11:17760988|17781703	sus_circENSSSCG00000046352,ENSSSCG00000045213_5	2.89896296545917	-2.96937198394676	12.9191695933186	0.000325234112931302	1	0.0468442345422317
11:18714362|18715144	sus_circFNDC3A_40	5.47978452120704	-2.95833424894885	32.5080823511992	1.18697859464041e-08	1	1.90877235497512e-05
11:2366496|2376189	sus_circENSSSCG00000009281_7	4.34201469586856	-4.16958900714997	16.7968014032027	4.16033691827336e-05	1	0.0107229399591981
11:48077009|48108814	sus_circLMO7_26	-3.91436819819975	1.20219686300767	25.3608663965223	4.75466435198116e-07	-1	0.000325651283889328
11:48078638|48108814	sus_circLMO7_35	-4.41295396395834	-2.12072825957353	26.1131220266966	3.21988335271067e-07	-1	0.000230869571825641
11:49250535|49253425	sus_circMYCBP2_80	3.5219219749697	-3.80871158770209	14.3833308190949	0.000149116505340169	1	0.0274525728684715
11:51531489|51540684	sus_circNDFIP2_8	2.86566252646005	-1.37406636743206	14.4488395138118	0.000144018566626295	1	0.0268164761454612
11:552302|555980	sus_circPSPC1_29	2.96239373958762	-3.02299213058073	13.2685696521034	0.000269893050230952	1	0.0413008354255269
11:64261142|64267916	sus_circENSSSCG00000026996_48	4.68854995242449	-1.46594919316605	31.5315678569003	1.96224151834239e-08	1	2.66924803874292e-05
12:20126112|20136260	sus_circEZH1_31	-3.0092402878895	-2.57911736598269	13.8014259318884	0.000203181963492206	-1	0.0337288946921249
12:36103170|36107578	sus_circTUBD1_16	4.58713216612724	-3.9939934411352	19.3863040760253	1.06770032012223e-05	1	0.00400661704036058
12:36123743|36126760	sus_circENSSSCG00000017670_2	3.74613436774464	-1.8640302866491	21.9713762348123	2.76747214522335e-06	1	0.00134184038043299
12:37509450|37517080	sus_circPPM1D_13	2.77864956949374	-1.33877800039185	13.7151178219058	0.000212735146142995	1	0.0347261761392288
12:39036725|39037930	sus_circSYNRG_42	3.29081342251545	-3.59954453687702	13.9009294623291	0.000192703149238666	1	0.0324849085072864
12:44919705|44920437	sus_circSUPT6H_2	4.68171143331447	-3.92683852282188	20.446855591068	6.13102027726019e-06	1	0.00252304364703957
12:59827745|59839936	sus_circULK2_23	-3.45235633064141	-3.22557831540789	15.3404122588184	8.977536241088e-05	-1	0.0190732723324217
12:6149239|6151143	sus_circJPT1,NT5C_2	3.60066585299089	-3.36618264323701	17.040355386715	3.65937628903032e-05	1	0.0097393106657665
13:100517571|100559022	sus_circPPM1L_4	3.71838928159708	-4.28468742547448	12.8662532476488	0.00033456076825943	1	0.0478058567828699
13:118870363|118871314	sus_circFXR1_9	3.19087286827598	-3.41628913455021	13.8560151831653	0.000197363968668561	1	0.0329305312084093
13:120919103|120935351	sus_circMCCC1_4	2.71277245468113	0.781088576296529	13.635420906501	0.000221958099640937	1	0.035836266678361
13:120931036|120933597	sus_circMCCC1_13	3.90650745922257	-2.05284622283731	23.1510867385656	1.49758544470435e-06	1	0.000810367478592447
13:120931036|120935351	sus_circMCCC1_14	3.4302280780986	1.08029739661242	20.4931930362179	5.98436948900291e-06	1	0.00249413241060393
13:121393206|121398502	sus_circSNORA63,SNORA63_2	3.86826112200986	-4.2003598398723	14.1292249278194	0.000170671487468288	1	0.0295856757975559
13:12556296|12562815	sus_circTOP2B_58	2.88785539292438	-1.51736508998502	14.5598785039983	0.000135774926558799	1	0.0258717273482915
13:127201706|127202743	sus_circTP63_2	4.03490183764627	-3.80646961051497	17.5060948326562	2.86388131379583e-05	1	0.0082015866560173
13:132986164|132991254	sus_circDLG1_67	5.83467413046882	-2.11885690194723	39.8211702900416	2.78312043862964e-10	1	8.79304458065367e-07
13:133308842|133312344	sus_circPAK2_24	3.72417191361507	-2.12208217596415	21.4050998708981	3.71780966654182e-06	1	0.0017257332434144
13:133397387|133404400	sus_circPAK2,PIGX_7	3.56978152094152	-3.61359733461068	15.6055830006059	7.80238749583186e-05	1	0.0174470647515243
13:135007591|135020313	sus_circZNF148_8	2.72646325339836	-1.04409989393894	13.4105536240484	0.000250212555646114	1	0.038960760135281
13:138162727|138169777	sus_circCCDC58_2	3.57760451869876	-2.25276844929008	19.8327445303746	8.45222774925657e-06	1	0.00328503210403844
13:140282902|140286985	sus_circGSK3B_11	3.53354948521609	-3.00135199338482	17.7518324066977	2.51674967098747e-05	1	0.00753808857112707
13:146211076|146212596	sus_circNAA50_6	2.8690864470513	-1.71476075499948	14.2708324853047	0.000158298924583748	1	0.0281875912041625
13:1507557|1513988	sus_circATP2C1_42	3.47586687307221	-4.01853218488653	13.0126297986027	0.000309397130419434	1	0.0452077543337512
13:157446519|157449706	sus_circZBTB11_26	3.59736257827417	-3.91861456557938	14.2345627951731	0.000161379120072386	1	0.0283766495119024
13:16954535|16960769	sus_circGADL1_19	3.12169617774068	-2.67398664079215	15.1023758276237	0.000101835044355402	1	0.0209924207461918
13:17012278|17025247	sus_circGADL1_42	2.81760454723906	-1.82957961005746	13.7404422479707	0.000209886074745529	1	0.0343756888507134
13:19376546|19377740	sus_circENSSSCG00000011236_39	4.20816730711737	-3.93485432828207	17.6606712994139	2.64029741001493e-05	1	0.00774239547699647
13:195579179|195579471	sus_circHUNK_1	-3.89599012625301	-3.75506728904534	15.2770760326117	9.28363506664987e-05	-1	0.019638397099305
13:197054745|197067577	sus_circTMEM50B_4	3.23035956373062	-2.64680357982972	16.1070247672412	5.98615778075672e-05	1	0.0140936602250691
13:197062124|197067577	sus_circTMEM50B_12	3.73258751093553	-4.01507828261579	14.4705744386629	0.000142366203665836	1	0.0266099822890064
13:22216776|22226182	sus_circGOLGA4,ITGA9_44	4.09369112945713	-4.30998542538434	14.4650394512462	0.000142785171951972	1	0.0266374577358477
13:29484735|29487818	sus_circLRRC2_4	3.79266085832527	-3.97508939272335	15.0420958790639	0.000105139641354908	1	0.0214087042694022
13:30650759|30652373	sus_circENSSSCG00000029251_11	5.16743266604516	-3.57025746840951	26.1074393822182	3.2293736435965e-07	1	0.000230869571825641
13:35084780|35101407	sus_circSFMBT1_44	3.33815912638856	-2.66250317041369	16.9354745196468	3.86720884164573e-05	1	0.0101003244898258
13:4067610|4068255	sus_circPLCL2_1	5.0722232974312	-1.79732542086429	17.3794786189521	3.06113266846977e-05	1	0.00854169389787083
13:61453739|61488274	sus_circ13:61453739|61488274	3.77498312943226	-4.25958278483431	13.3191528731798	0.000262708837326263	1	0.040329512453619
13:69061565|69062499	sus_circTMCC1_6	3.16420647785119	-3.35569547878568	13.9075035785904	0.000192030308689499	1	0.0324526856134541
13:7021801|7038479	sus_circKAT2B_2	3.208304412655	-3.51795682002523	13.6119500622052	0.000224750313365447	1	0.0361054323676731
13:71794794|71797638	sus_circRAB7A_6	3.41731857604956	-3.58706428548718	14.6943850536082	0.000126422446658233	1	0.0243741481704738
13:71794794|71811678	sus_circRAB7A_7	3.15422113443006	-3.39375809848012	13.7409251427244	0.000209832122834838	1	0.0343756888507134
13:77444936|77463301	sus_circSTAG1_66	3.41934810940293	-3.22410189115574	16.1831296296136	5.75039611658946e-05	1	0.0136039926678987
13:82802690|82893436	sus_circTFDP2_30	3.16981598887978	-3.17167471683156	14.5226650361	0.000138483366341813	1	0.0261187536481637
14:103578343|103579176	sus_circBTAF1_59	4.19295007855002	-2.55382772031802	24.443188560551	7.6533615160167e-07	1	0.000480503547180582
14:103750603|103752747	sus_circCPEB3_19	3.73919032128833	-4.04946077155492	14.3511224886799	0.000151689231684004	1	0.0275887136374134
14:104064308|104070594	sus_circIDE_40	3.04139817965821	-0.636830603134793	16.3713845312574	5.20653738052762e-05	1	0.0125600661114196
14:105866977|105873711	sus_circTBC1D12_4	3.31154462817699	-1.49536082348722	18.3493894591615	1.83877899751623e-05	1	0.00609459856143026
14:11905048|11908167	sus_circELP3_22	3.76396061359887	-3.80437831330313	15.8668622933873	6.79582845889829e-05	1	0.0155877524805952
14:132485606|132488764	sus_circENSSSCG00000010719_2	2.80213441399631	-0.73065681689538	14.17897773819	0.000166217228852435	1	0.0289673448901516
14:132517233|132520408	sus_circENSSSCG00000023865_5	3.65000057786345	-3.04557873978911	18.4372991324037	1.75587194264995e-05	1	0.00588950718517198
14:134058259|134059037	sus_circFAM53B_2	-3.33584756995235	-2.24389047256787	17.0233122842761	3.69236867852133e-05	-1	0.00980048707619882
14:30426235|30453912	sus_circCLIP1_52	4.30981754135915	-1.34439894162282	28.1212081454766	1.13950292955824e-07	1	0.000110422002417318
14:31091335|31091801	sus_circKDM2B_6	4.11128695554785	-4.02369720523692	16.6048641475208	4.60328101665633e-05	1	0.0115900912425027
14:43569251|43569748	sus_circMYO18B_14	2.69933517313062	0.461305744798724	13.4820209212073	0.000240860243909454	1	0.0379265820080061
14:50462714|50484982	sus_circPI4KA_25	3.576453625213	-3.36659386587829	16.8365974031999	4.07400183292371e-05	1	0.0105457668880129
14:60161772|60163058	sus_circ14:60161772|60163058	3.92760434004447	-3.88303813833711	16.3783660278986	5.1873943425545e-05	1	0.0125447846098388
14:63220984|63237347	sus_circCCDC6_17	3.79590128826431	-1.7123008090253	22.6668028758265	1.92667944828517e-06	1	0.000998427717057917
14:87706284|87707473	sus_circLDB3,OPN4_22	3.51335807465122	-3.82022366937493	14.2669346795125	0.000158627085339453	1	0.0281875912041625
14:87806050|87822845	sus_circBMPR1A_3	3.77871951346672	-2.73190926187824	20.4668246739229	6.06738403755679e-06	1	0.00251801579409486
14:87806080|87822845	sus_circBMPR1A_11	3.96029453035734	-2.94344475318816	21.2604566282908	4.00917287233759e-06	1	0.00182635539284878
14:90510793|90511831	sus_circNCOA4_2	2.92735599561109	-1.61842633603069	14.836003077285	0.000117275163451326	1	0.0230645864633529
14:92300012|92306117	sus_circUBE2D1_3	3.14207528275903	-0.102184161739556	17.461455838713	2.93192117418849e-05	1	0.00829937062550199
14:99835049|99845071	sus_circATAD1_7	3.29345936641132	-1.99453763179183	17.715945029701	2.56467789382968e-05	1	0.00761180855386263
15:101575465|101597399	sus_circBOLL_9	3.65145988695078	-2.99715483369213	18.6894899541147	1.5382804476429e-05	1	0.00526791131479165
15:105113267|105123855	sus_circSTRADB_35	4.27813526955626	1.5452170759546	29.4625363721527	5.70080865130503e-08	1	6.13569891127602e-05
15:112808098|112844349	sus_circKANSL1L_24	4.56024794485166	-3.19528987090289	24.7612347432742	6.48894659559756e-07	1	0.000421935492363897
15:112840121|112844349	sus_circKANSL1L_32	3.8760483298338	-4.18087666380365	14.2991294124133	0.000155936981153574	1	0.0279352457129672
15:112840121|112870004	sus_circKANSL1L_33	3.25202382938063	-0.0783253848819394	18.5190798038788	1.68211940541362e-05	1	0.00568103926913864
15:128371748|128373809	sus_circRHBDD1_2	2.87087618117092	-0.16977220826411	14.9266750012303	0.000111771360565726	1	0.0223280823452969
15:137394756|137418845	sus_circRBM44,LRRFIP1_20	3.68359112622783	-2.37938026157328	20.4477268480293	6.12822988302358e-06	1	0.00252304364703957
15:31472458|31473618	sus_circPTPN4_91	2.94202783515727	-1.28795224913908	15.1707535891952	9.82128458788677e-05	1	0.0205537661347608
15:60412325|60414442	sus_circPRPF40A_42	4.06394669037315	-2.98340133911655	21.9560523805403	2.78965750054285e-06	1	0.00134390786083893
15:608519|610257	sus_circNEB_82	3.11061959886124	-3.19677306726179	14.011027355062	0.000181741642379999	1	0.031173625110301
15:622250|623446	sus_circNEB_109	4.64990660733385	-2.78557085149264	27.31306883484	1.73037930464379e-07	1	0.000146100698151226
15:733100|734562	sus_circNEB_221	3.26277504967609	-1.60547602775995	17.8135429083475	2.43642883691602e-05	1	0.00742874840144854
15:743708|745925	sus_circNEB_252	5.78920807838022	-0.974195780277919	43.3759187645755	4.51713126071373e-11	1	2.21208434968412e-07
15:76177104|76192330	sus_circUBR3_31	3.20253230615333	-1.48156040371041	17.3889450785773	3.04592414799197e-05	1	0.00853084728688286
15:84339691|84350434	sus_circ15:84339691|84350434	3.20133767414004	-2.34076091157539	16.4050078747883	5.11499133431608e-05	1	0.0124310789395927
15:84354981|84367087	sus_circ15:84354981|84367087	6.46482499856439	-2.45974805367113	42.1446293749026	8.47664210792354e-11	1	3.53488814521858e-07
15:84363587|84367753	sus_circ15:84363587|84367753	-2.83666026094069	-1.85651205904455	13.5486876080193	0.000232453907932038	-1	0.0370195132531377
15:84365150|84367087	sus_circ15:84365150|84367087	7.01407780840929	1.4496438397046	59.9031953921431	9.96395514033245e-15	1	1.73011990682613e-10
15:84365150|84371863	sus_circ15:84365150|84371863	2.80598441631265	-1.40367900188115	13.9282946169365	0.000189917947005099	1	0.0322086954749243
15:84370578|84371863	sus_circ15:84370578|84371863	3.77666413313409	-3.82229703543628	15.9227973605851	6.59792018576968e-05	1	0.01516933095856
15:84370578|84376623	sus_circ15:84370578|84376623	5.36623388543076	-1.28107501181576	38.5369034617477	5.37280947547104e-10	1	1.50349630184738e-06
15:84374212|84376623	sus_circ15:84374212|84376623	3.48545216745014	0.0745778433512247	20.8427079408554	4.9858685641505e-06	1	0.0021800265129912
15:84381742|84387035	sus_circ15:84381742|84387035	4.13614995437901	-2.68691168451681	23.505614247804	1.24549791548188e-06	1	0.000697066039075006
16:21537442|21540786	sus_circNADK2_19	2.7541934970835	-2.29771979722692	12.7743574054047	0.000351403311627551	1	0.0494499183152667
16:23743903|23745763	sus_circLIFR_24	4.2953560381751	-3.04645124682499	23.4135778455501	1.30653090945747e-06	1	0.000714884080078681
16:26690558|26698399	sus_circC5orf51_10	3.30051526007919	0.0556607610556194	19.0192419112249	1.29406898186099e-05	1	0.00460009800047665
16:49093476|49103950	sus_circTNPO1_11	3.56826772871093	-3.14918747631896	17.5931976893876	2.73565133115332e-05	1	0.00790369211433091
16:49101098|49107340	sus_circTNPO1_27	4.57387499026285	-3.98932639609025	19.2906865465893	1.12252565744144e-05	1	0.00411769318131571
16:51298744|51301436	sus_circERGIC1,RPL26L1_1	3.90831680772762	-3.91754953089568	16.1177302734622	5.9524150890025e-05	1	0.0140479864734237
17:10759756|10761499	sus_circENSSSCG00000031608_1	3.73528995401125	-4.2644114443946	13.0387172661674	0.000305117005640682	1	0.0448032530231779
17:13008092|13008471	sus_circPSD3_17	3.82060497713653	-3.97211044174202	15.2508444469516	9.41346585834092e-05	1	0.0198332677673279
17:50931699|50933570	sus_circZNFX1_3	3.36052040754905	-1.98762771479424	18.3225170024042	1.86489866779225e-05	1	0.00612925856781572
17:52866612|52872012	sus_circNFATC2_16	3.27589765070416	-2.58837672875667	16.5713272710793	4.68540706975622e-05	1	0.011713126964801
18:14891785|14904788	sus_circSLC35B4_2	3.78742878896848	-3.99977320924316	14.9239233846226	0.000111934496248196	1	0.0223280823452969
18:15063255|15083362	sus_circLRGUK_37	3.65340221056388	-2.48139378981363	19.9767463585309	7.8389698601109e-06	1	0.00308339110859029
18:17859078|17912006	sus_circENSSSCG00000051610_13	6.22988867873949	-2.28844639056665	41.7146458948896	1.05614859484699e-10	1	3.97851175678861e-07
18:29135523|29142960	sus_circST7_21	3.34015812286655	-2.9785969179941	16.2870125459468	5.44357757781643e-05	1	0.0130037774421097
18:40140465|40143799	sus_circBBS9_2	3.04093429164796	-2.67669673055738	14.5187562756768	0.00013877098894087	1	0.0261187536481637
18:9099418|9104859	sus_circBRAF_66	4.44204447710595	-2.94363461644017	24.9951703955155	5.74741001968719e-07	1	0.000377793847079331
2:102600361|102607285	sus_circENSSSCG00000048636_2	6.58962673421854	-1.96226812070447	46.2239195662718	1.05481325799841e-11	1	8.60921000957337e-08
2:113437287|113442220	sus_circFBXL17_5	4.20417539568004	-3.49836924906995	20.51695523376	5.91053682415429e-06	1	0.00247388802406547
2:113796889|113822801	sus_circFER_4	2.89651151901846	-2.15129902757466	14.1215425824873	0.00017136990633474	1	0.029601960081547
2:118773810|118774228	sus_circKCNN2_8	-3.81413683944999	-2.7541198066407	19.2924723741407	1.12147622990836e-05	-1	0.00411769318131571
2:126314244|126316000	sus_circSNX2_20	2.97729930028145	-3.03180029415983	13.3839724655635	0.000253783646907006	1	0.039267105758872
2:131354294|131363905	sus_circFBN2_19	-3.74137633626767	-3.8378740224305	13.9267104921822	0.000190078066452658	-1	0.0322086954749243
2:133694102|133702800	sus_circ2:133694102|133702800	5.56121553557567	-2.90256395549539	33.3829041402144	7.56863694949817e-09	1	1.42555276943798e-05
2:136318558|136320611	sus_circVDAC1_12	3.3789834139421	-2.26766353920571	17.9958440301544	2.21387775531491e-05	1	0.00698692792020717
2:139908352|139909610	sus_circMYOT_14	2.6659134264632	1.37192295460685	13.2657371264498	0.000270301152802299	1	0.0413008354255269
2:142195747|142219557	sus_circANKHD1_14	-3.36898037756775	-3.6067120295102	13.06127967471	0.000301463398659454	-1	0.0445603825449835
2:150830160|150830402	sus_circPPARGC1B_2	2.79512912923349	-2.2332810904466	13.1759960136038	0.00028355797482869	1	0.0430577289467776
2:293097|295170	sus_circ2:293097|295170	3.85128945266643	-3.24322549976446	19.3103744342903	1.11101050820702e-05	1	0.00410621098848347
2:40819038|40820292	sus_circLDHA_9	6.26010971975497	-2.24234850309172	42.102329292506	8.66199541414775e-11	1	3.53488814521858e-07
2:42552692|42573733	sus_circSOX6_15	3.65699300391105	-2.3796111728939	20.1972570221856	6.98530266263765e-06	1	0.00281545067236237
2:42572532|42573733	sus_circSOX6_17	6.33756385568813	-1.86358075639396	44.7304672286926	2.26111388444785e-11	1	1.40244779855222e-07
2:46576744|46576999	sus_circTEAD1_13	2.93719548445791	-2.51830481325494	13.9451923275419	0.000188218399200354	1	0.0320377331148607
2:594391|600366	sus_circAP2A2_2	3.35908915810536	-3.62944202209577	14.1509998877507	0.00016870741691764	1	0.0292970599782757
2:70501959|70505522	sus_circ2:70501959|70505522	3.26266670241253	-2.21261098310609	17.1534577855913	3.44781205452633e-05	1	0.00938015578456716
2:70501959|70528109	sus_circ2:70501959|70528109	3.51736928888303	-3.27781463349084	16.7378227683392	4.29168244347329e-05	1	0.010962279510501
2:77554214|77555429	sus_circPTBP1_2	4.97572104860406	-2.88883887711326	29.3647755869208	5.99576131660942e-08	1	6.31437478356301e-05
2:88144038|88147594	sus_circHOMER1_4	4.69789436062015	-2.29510114011963	29.5242622069914	5.52210937011773e-08	1	6.07692624638282e-05
2:88184110|88201577	sus_circHOMER1_18	6.18454811667538	-2.35119559355723	41.1134401763628	1.43645164504991e-10	1	5.21070174146217e-07
2:88184110|88206327	sus_circHOMER1_19	3.84404449109548	-1.14389852197514	23.7785618557933	1.08079566084921e-06	1	0.000619036775525691
2:88196738|88206327	sus_circHOMER1_26	5.10163389629333	-1.18907553629586	36.1708715060878	1.80752178689893e-09	1	3.93405108561011e-06
2:88462019|88464102	sus_circTENT2,CMYA5_8	2.83449951471243	-2.00866164664623	13.7475368729683	0.000209094824324645	1	0.0343756888507134
3:107609926|107613737	sus_circMEMO1_9	2.78149294517796	-2.1298566023089	13.0294403048829	0.000306632177334836	1	0.0449563819501043
3:113146625|113148454	sus_circASXL2_36	3.80099556801596	-3.43665762405285	18.0224224720481	2.18318307174504e-05	1	0.0069423804030147
3:11731299|11736046	sus_circGTF2I_11	3.02357922011691	-3.37838320317672	12.8488996105735	0.000337677757988685	1	0.048070981065302
3:122089927|122094251	sus_circNBAS_94	3.07107324727722	-1.64010762621631	16.057246509389	6.1455985017952e-05	1	0.0143998135995891
3:26691921|26693748	sus_circSMG1_42	5.24286479560267	-3.16522177373514	29.7114584377763	5.01375865832729e-08	1	5.58019943765786e-05
3:44117754|44122061	sus_circZC3H6_33	2.94404983878687	-0.499526659760079	15.5173165643352	8.1752897050829e-05	1	0.0178272740282575
3:48893039|48899041	sus_circUXS1_7	2.71583722122908	-1.45315659406275	13.1123037571995	0.00029336271366206	1	0.0441412363726733
3:51455519|51456548	sus_circTMEM182_3	3.54237198836167	-3.38944000161554	16.4665395749217	4.95162957979256e-05	1	0.0121852388016091
3:58676460|58678177	sus_circPOLR1A_1	3.15753617046959	-3.44847136169713	13.5108901051328	0.000237183011972585	1	0.0375285598685281
3:71177121|71179271	sus_circDYSF_48	4.87857515673149	-3.15878369626742	27.1684117930085	1.86480756726898e-07	1	0.000156105113464494
3:71177121|71179376	sus_circDYSF_49	5.74880387852338	-2.70148130928223	35.706278985148	2.29423370768282e-09	1	4.88482256082327e-06
3:78013714|78014790	sus_circUGP2_12	3.17421261478041	-0.847228309306308	17.5351677018058	2.82042322301701e-05	1	0.00812124674840845
3:86202793|86205952	sus_circRTN4_1	-3.30475059421485	-2.57370305228575	16.0001277377698	6.3338210017606e-05	-1	0.0147001681647971
3:87328900|87330087	sus_circPSME4_123	3.00832331605444	-2.05415487536286	15.1735371095284	9.80681715405267e-05	1	0.0205537661347608
4:102847116|102849525	sus_circWDR3_6	3.60157535784787	-4.12419774394387	13.1254736576771	0.000291307701171994	1	0.043961878071167
4:106122922|106123902	sus_circTRIM33_2	3.02202217484054	-2.46858737742618	14.6782525893855	0.000127509027498273	1	0.0245353421831746
4:107373793|107384954	sus_circLRIG2_16	3.28958040774733	-3.69287755075032	13.4248792540071	0.000248309000479548	1	0.0387876875996297
4:117975450|117981685	sus_circTRMT13_9	3.55998584685568	-3.23243152938021	17.2258109172544	3.31896363802109e-05	1	0.00910548842115019
4:118216420|118219820	sus_circAGL_62	4.10478346164861	-4.31256038023154	14.5561585648352	0.000136043251648256	1	0.0258725206853077
4:118216420|118230068	sus_circAGL_66	3.26415055048544	-2.56129186078339	16.5433197296031	4.75512056971492e-05	1	0.0117905321225068
4:118226324|118230068	sus_circAGL_90	3.45120134395175	0.648689181047474	20.6270438519511	5.5802267369996e-06	1	0.00235576968566903
4:122892555|122903920	sus_circABCD3_24	3.99858302459461	-4.0861796639062	15.5195290377944	8.16572697989028e-05	1	0.0178272740282575
4:124722046|124735466	sus_circRPAP2_6	5.23779147275051	-3.49313750664934	27.0143060455818	2.01955215372988e-07	1	0.000162130309049682
4:125831440|125853740	sus_circZNF644_40	4.88390221363263	-2.73553113126202	29.2840910846984	6.25067734623289e-08	1	6.51280681536959e-05
4:20430576|20433129	sus_circSAMD12_12	4.07056814359355	-4.33338262431716	14.237347134532	0.000161140536450497	1	0.0283766495119024
4:2880193|2887088	sus_circPTK2_93	6.21407077506396	-1.34952185329342	46.0151351366492	1.17342935849671e-11	1	8.84061678691419e-08
4:50413105|50416871	sus_circWWP1_37	5.28287350766815	-2.03003160716897	35.5122099169339	2.53456823231542e-09	1	5.28171663424333e-06
4:50416622|50418702	sus_circWWP1_45	3.87317869275212	-2.66995206349736	21.3023123257947	3.92258052544767e-06	1	0.00180368723860749
4:50447701|50451687	sus_circWWP1_67	3.87557420585393	-2.89779604667307	20.7172371388511	5.32346287336107e-06	1	0.00226691565540318
4:50447701|50462793	sus_circWWP1_69	3.62717271419565	-1.53085002553311	21.2798657526224	3.96878270281275e-06	1	0.00181640427793872
4:50451389|50462793	sus_circWWP1_77	3.92634034420265	-2.47166775062151	22.3249792475414	2.30192748956351e-06	1	0.00114444356437984
4:50461881|50473330	sus_circWWP1_81	3.5729979046687	-3.93757626522693	14.0032270185551	0.000182497152289122	1	0.0312484896669602
4:62178830|62187826	sus_circSTAU2_22	2.89933788337195	-1.20308062882852	14.8381352036052	0.000117142662092245	1	0.0230645864633529
4:64223154|64223840	sus_circEYA1_17	3.49385465640905	-2.84286328434955	17.8111814895213	2.43945447550342e-05	1	0.00742874840144854
4:64777339|64780403	sus_circTRAM1_2	4.83671977742865	-1.79764567877767	32.3449585407295	1.29091697366247e-08	1	1.90877235497512e-05
4:68935650|68947962	sus_circMTFR1_8	2.90006385690845	-1.87626697254515	14.3925903186308	0.000148385042163817	1	0.0274209958483181
4:78124832|78125262	sus_circPCMTD1_19	2.82126149788841	-1.3467067105526	14.0667912960388	0.000176431542379556	1	0.0303691706919833
4:80973985|80978012	sus_circKIFAP3_18	2.9347855237871	-0.790313633743045	15.3432825795031	8.96390730793642e-05	1	0.0190732723324217
4:81196423|81203653	sus_circC1orf112_6	4.53462935301833	-3.02491144024705	25.3173159464378	4.86323258206084e-07	1	0.000330774114966807
4:99674928|99678366	sus_circENSSSCG00000006694_10	2.96295640558132	-2.84502992052229	13.6109423758401	0.000224870982257669	1	0.0361054323676731
5:104363160|104367080	sus_circZDHHC17_36	3.60664026557287	-3.321261663524	17.2086376174082	3.34910140055042e-05	1	0.00916250528974047
5:11842157|11842381	sus_circRBFOX2_5	3.27381687275056	-2.28487156982797	17.1160200906586	3.51644399553149e-05	1	0.00947089688817145
5:21142631|21142930	sus_circITGA7_4	3.25677156186575	-3.14430144886911	15.1650526786565	9.85098232580358e-05	1	0.0205719597218306
5:21672280|21672613	sus_circCS_3	3.82357730127077	-2.73764560952512	20.7519572715062	5.22781196861071e-06	1	0.00223590550143961
5:22002456|22009750	sus_circENSSSCG00000000406_3	2.85476103245381	-2.80062975291094	12.8366552937688	0.000339894638326513	1	0.0482463198072106
5:304707|308205	sus_circPPP6R2_16	4.48412212472372	-3.51094078649911	22.3503458639993	2.27172135581316e-06	1	0.0011351884338319
5:45440622|45443134	sus_circCCDC91_22	3.51924430673871	-3.66029125906728	15.0309040189549	0.000105764965405506	1	0.0214647059922909
5:57883430|57887138	sus_circPLBD1_17	4.84232538547649	-1.2591716205669	33.4473515684017	7.32194144315841e-09	1	1.40612860554083e-05
5:73473989|73474314	sus_circYAF2_11	3.33998646772648	-2.02646800314667	18.1137373618351	2.08094698825106e-05	1	0.00663883094212657
5:76839521|76844589	sus_circSCAF11_16	3.51141451108555	-1.31101859606175	19.2125386038264	1.16942753468909e-05	1	0.0042578465279747
5:79468294|79470833	sus_circWASHC4_73	4.05209939514179	-3.80174352675546	17.6476589938313	2.65842284068222e-05	1	0.00774914434113387
5:7960350|7961485	sus_circMRTFA_11	5.18752959787778	-0.592234832511701	37.7869146785916	7.89092971370721e-10	1	2.14643798337777e-06
5:94368661|94375527	sus_circTMTC3_31	2.71276822605785	-1.51746381763461	13.0551590483049	0.000302450150283222	1	0.0445603825449835
6:103504263|103511817	sus_circMYOM1_27	4.4238273918545	-2.06364530048627	27.8961876588035	1.28001720976297e-07	1	0.000117165836970659
6:103532717|103536443	sus_circMYOM1_49	4.69898120568913	-3.91848170749296	20.5997848975849	5.66024736306585e-06	1	0.00237929591087294
6:103536247|103552526	sus_circMYOM1_55	3.35716794007416	-3.76724115145139	13.5509210604022	0.000232177457259156	1	0.0370195132531377
6:106204968|106206659	sus_circROCK1_52	5.05361177805118	-3.30670726148983	27.4534331013814	1.60922949953537e-07	1	0.000137568450010033
6:120469876|120482663	sus_circFHOD3_35	3.74220870266182	-2.33273503868369	21.0728268403419	4.42153938133092e-06	1	0.00198648811966199
6:127926556|127927767	sus_circSLC66A2_8	3.17718109609929	-3.26803263828716	14.3395082477191	0.00015262787566417	1	0.0276315700523109
6:129756751|129757239	sus_circTTLL7_3	5.05199571507185	-0.758160254465072	36.4431106013527	1.57187747820926e-09	1	3.58029823187841e-06
6:13123284|13127854	sus_circGLG1_14	4.51971019196959	-3.2376890382376	24.2963975537002	8.25933864920015e-07	1	0.000502444811167678
6:146279126|146300028	sus_circPDE4B_9	3.11694531787239	-2.6644312756226	15.1384746152641	9.99063260005776e-05	1	0.0207309859770097
6:148878002|148880442	sus_circEFCAB7,PGM1_25	4.11063391253754	-2.31949788146378	24.3561064586263	8.00725156121404e-07	1	0.000491043423772843
6:155712041|155724087	sus_circPRKAA2_23	3.86661292934271	-1.60097329083499	23.4706644748157	1.26833031139769e-06	1	0.000701229774776298
6:157281816|157282222	sus_circUSP24_44	3.21044485739685	-3.49594290519877	13.6330272437147	0.000222241254298643	1	0.035836266678361
6:170136837|170143503	sus_circSCMH1_32	4.42167086427853	-1.96854693367527	28.067038005232	1.17184853190209e-07	1	0.000111430280496655
6:34615820|34621968	sus_circHEATR3_5	4.04807125190831	-2.8490708941122	22.2125145420372	2.44077694540631e-06	1	0.00120127927430646
6:37031997|37033529	sus_circPHKB_19	3.50088555386284	-4.00689084948592	13.2491336316334	0.000272705879689165	1	0.0416033633465984
6:47356477|47356997	sus_circ6:47356477|47356997	3.51716759996186	-3.81173396447995	14.3400744233473	0.000152581982954805	1	0.0276315700523109
6:47368460|47369005	sus_circENSSSCG00000046809_5	3.71596788637695	-3.49735163454948	17.1141841100883	3.51984487481817e-05	1	0.00947089688817145
6:47400304|47402264	sus_circ6:47400304|47402264	5.08334889996036	-2.39761878561222	32.3655183080305	1.27733048470061e-08	1	1.90877235497512e-05
6:47424162|47424687	sus_circENSSSCG00000042985_5	3.41853441816839	-3.04398200006288	16.6912319092737	4.39838168670531e-05	1	0.0111027396690539
6:55288560|55289131	sus_circMYBPC2_1	5.22033974557436	2.35179109722161	40.1322009782029	2.37344192332053e-10	1	8.0158499604779e-07
6:55296593|55297457	sus_circMYBPC2_19	4.87512989906574	-2.39492353851265	30.6004894354448	3.17013764403464e-08	1	3.78645879429318e-05
6:55302098|55302784	sus_circMYBPC2_25	7.3385515048676	0.504166874058705	61.9093947402112	3.59629662881532e-15	1	8.80571211048574e-11
6:55302098|55304287	sus_circMYBPC2_27	8.35493819302966	1.43672807954233	74.007721532416	7.78120626326513e-18	1	3.81053451918357e-13
6:55302098|55306393	sus_circMYBPC2_28	3.76359677806366	-3.81209173272799	15.8439209933297	6.87871571522801e-05	1	0.0157410087518893
6:57008834|57011490	sus_circENSSSCG00000027741,ENSSSCG00000044698,ENSSSCG00000032978_2	2.93864037230931	-2.17724322385149	14.4310668375736	0.000145384047617405	1	0.0269172105704043
6:67470674|67471765	sus_circDNAJC11_4	3.23674846573769	-3.38562774905075	14.294996274876	0.000156279748031844	1	0.0279352457129672
6:70609103|70612317	sus_circKIF1B_55	3.3794610097826	-1.03669990988056	19.3705607357405	1.07653876265021e-05	1	0.00402436486608728
6:91537803|91540596	sus_circZMYM4_5	3.10261764398749	0.434535151234211	17.1890693797467	3.38377751264005e-05	1	0.009231585992841
6:92193860|92197354	sus_circAGO1_84	3.29761090638468	-2.71156080047246	16.5218908685845	4.80916254695778e-05	1	0.0118944191458116
6:98840633|98842928	sus_circNDUFV2_14	3.0098911090308	-3.29342474593318	13.0106886024783	0.000309718028608228	1	0.0452077543337512
7:103348686|103350733	sus_circCEP128_6	2.86869144703288	-2.93447486513476	12.7636214034322	0.000353425977649339	1	0.0496631952696292
7:120806761|120824964	sus_circEML1_3	3.8178409579352	-1.00556051071691	23.6481449606477	1.15657346411774e-06	1	0.000651017920819653
7:120870973|120871649	sus_circEML1_25	4.22740381676351	-4.22257125002198	15.7916122583634	7.07153097955739e-05	1	0.0161445195151471
7:121747710|121751830	sus_circSNORD113-1_7	-3.50072846887154	-2.6639645844281	17.3268558992805	3.14707669226721e-05	-1	0.00870708998288234
7:121777786|121786686	sus_circSNORD113-8,SNORD113-9,SNORD113-7,SNORD114-1_1	-4.43578451941149	-3.01697693030877	22.4201126594621	2.19067911995453e-06	-1	0.0011059767750855
7:15857181|15858761	sus_circE2F3_2	4.82387561419053	-3.483166247482	24.6214443722671	6.97709821188569e-07	1	0.000440871582624844
7:26633929|26664601	sus_circMLIP_20	-3.1362481364681	0.210968223210388	17.3390688737403	3.12691667419742e-05	-1	0.00867582076215988
7:33634073|33654408	sus_circZFAND3_4	3.7815585081096	-2.9540399361387	19.7664748303166	8.75041438042349e-06	1	0.00338748255038513
7:48865699|48866128	sus_circENSSSCG00000038708_10	4.31159996544331	-4.18158192686719	16.5526198833828	4.7318566820712e-05	1	0.0117626270851629
7:52121146|52122358	sus_circWHAMM_11	2.78502053056814	0.160552429146898	14.208196202156	0.000163656122700556	1	0.0286228713741748
7:52167059|52173199	sus_circFSD2_8	3.23746542217291	-2.56559949755291	16.2987327603985	5.41001192072278e-05	1	0.0129551928493748
7:58868185|58868520	sus_circEDC3_13	2.88040553483993	-0.502934529896085	14.9408698674359	0.000110933580216491	1	0.0222925334582257
7:66992744|66996176	sus_circAKAP6_3	3.87849787019872	-4.19370043539253	14.2778572221491	0.000157709229252242	1	0.0281354414051422
7:68751543|68762784	sus_circSCFD1_2	3.55720019348866	-4.15096168803402	12.7495724190128	0.000356090557911105	1	0.049894451248826
7:69814386|69828037	sus_circPRKD1_17	-3.06030463574724	-2.10657122114245	15.0200986469239	0.000106372246486682	-1	0.0215254350524765
7:92778443|92782433	sus_circDCAF5_28	2.79694502215429	-2.10548927929159	13.346602747439	0.000258891198641033	1	0.0398058426645212
7:9980131|10010669	sus_circRANBP9_14	3.95525351247234	-3.89438012148747	16.5654362369656	4.69998457981946e-05	1	0.011713126964801
7:9995687|10010669	sus_circRANBP9_51	4.65049823082225	-3.3568618208535	24.4071037294168	7.79806182716569e-07	1	0.000486469918137746
8:111823361|111839842	sus_circENPEP_16	-5.91533708033741	-2.10849247847153	37.2834104992423	1.02149866703074e-09	-1	2.56532365246988e-06
8:112308514|112313657	sus_circEGF_49	3.33958043891877	0.635437313626207	19.5213295663553	9.94826358784335e-06	1	0.00377656136558354
8:118427111|118428938	sus_circNFKB1_7	3.8298902479577	-3.14022699334271	19.549091482544	9.80473538038196e-06	1	0.00373655794795864
8:124560982|124562303	sus_circBMPR1B_5	-3.05293787241535	-2.01472234061243	15.0962977280799	0.000102163456953321	-1	0.0209924207461918
8:130298196|130299054	sus_circFAM13A_26	-3.31223570229706	-3.18905625165422	14.5444386502277	0.000136892123393029	-1	0.0259332463237138
8:17865660|17867484	sus_circPPARGC1A_11	-3.66743296282728	-2.87657454113143	17.8530759955525	2.38633217267244e-05	-1	0.00737293834876605
8:30920209|30938242	sus_circUBE2K_9	5.20111300245095	-2.46503288896478	33.0341589372789	9.05538426155147e-09	1	1.61254990062704e-05
8:32725573|32756725	sus_circLIMCH1_35	-2.91845753367264	-2.36488434452609	13.4176732749307	0.000249264682284249	-1	0.0388749705609617
8:33527978|33533657	sus_circATP8A1_43	3.36590460357785	-1.59399251714067	18.7855741350142	1.4626931259218e-05	1	0.00504433415982511
8:39008497|39021487	sus_circDCUN1D4_4	4.51432412018377	-4.05278959668938	18.5768138446358	1.63193422872701e-05	1	0.00555076747272336
8:51974842|51981264	sus_circNAF1_1	3.3388992671126	-3.30428157561093	15.3298598747086	9.02782083295678e-05	1	0.0191385893511137
8:70653558|70656303	sus_circENSSSCG00000008965_1	3.33181588551693	-1.61891604996602	18.4431552605658	1.75048436900336e-05	1	0.00588950718517198
8:73851349|73856411	sus_circFRAS1_32	3.27575051453899	-3.8098005742747	12.8153894511075	0.000343779841164108	1	0.0485865587349135
9:105949692|105965185	sus_circSYPL1_3	5.56197002371829	-3.24521704041087	31.1886059725646	2.3413630679144e-08	1	3.09888894050908e-05
9:105952792|105965185	sus_circSYPL1_4	4.27464320228345	-3.89992097833376	18.336179565771	1.85157259199725e-05	1	0.00610595026280789
9:17321139|17322508	sus_circPCF11_33	3.47342960182556	-3.69385745862648	14.6044704819912	0.000132599609800939	1	0.0253159278423461
9:36730729|36731849	sus_circATM_159	3.00309641945993	-3.12396645965476	13.366588222884	0.000256146902888974	1	0.0395079369492156
9:64407564|64431528	sus_circATP2B4_16	4.67230793170894	-1.71280511375171	30.8784654052706	2.74703111733557e-08	1	3.44935540633436e-05
9:87018358|87039523	sus_circSNX13_55	4.08563412903061	-4.04854507472149	16.3018728478439	5.40105439132366e-05	1	0.0129551928493748
9:8706351|8709627	sus_circPGM2L1_26	3.99643266379916	-2.30463922654809	23.4614547970851	1.2744164904758e-06	1	0.000701229774776298
9:91925246|91927551	sus_circKLHL7_9	2.8518833645079	-1.4309787646098	14.3014026109778	0.000155748784412569	1	0.0279352457129672
9:93451048|93452747	sus_circDMTF1_19	3.65069168965537	-3.72803575885141	15.6001340607835	7.82490407776503e-05	1	0.0174575570657053
AEMK02000452.1:3274897|3276823	sus_circJAG2_4	4.09909527001604	-4.33341848933121	14.4314356185111	0.000145355582030056	1	0.0269172105704043
AEMK02000452.1:764826|773915	sus_circPPP2R5C_18	2.93666323856946	-1.96275251291826	14.6344122488507	0.000130509565882677	1	0.0249655623079711
AEMK02000682.1:264782|274132	sus_circEHMT1_12	5.23523668938891	-2.6273667456426	32.4684561461172	1.21142971656381e-08	1	1.90877235497512e-05
X:101530588|101536227	sus_circSTAG2_11	3.41876325257456	-1.11971712590234	19.6712591171405	9.19743303084826e-06	1	0.00351880853870055
X:124458378|124460225	sus_circBCAP31_2	3.47474274945997	-3.68098689110569	14.650219920036	0.000129419542454813	1	0.0248054967262412
X:16491482|16492148	sus_circRPS6KA3_26	2.92821336362545	-2.03444385213101	14.5109894101895	0.000139344292919335	1	0.0261449401093975
X:28270770|28315863	sus_circDMD_58	-3.68518903625009	-3.60608413263466	14.8684197899831	0.000115276810482282	-1	0.0228551444782502
X:28352645|28383695	sus_circDMD_86	4.56960950300284	-4.02180115929697	19.1357884271436	1.21740575966598e-05	1	0.00438364540122079
X:28549891|28562162	sus_circDMD_135	4.08291857077796	-4.32403954302258	14.3494035981189	0.000151827782264665	1	0.0275887136374134
X:28674023|28675535	sus_circDMD_158	2.99827634273732	-2.46220587873056	14.5190057830895	0.000138752611205724	1	0.0261187536481637
X:47818210|47822636	sus_circPFKFB1_25	4.64067196874402	-2.95088016980792	26.4975596538292	2.6387124056624e-07	1	0.000197484166255579
X:58378203|58384217	sus_circENSSSCG00000021200_8	3.39831247256142	-3.58288151277796	14.5520849634751	0.00013633769943326	1	0.025878269298241
X:61787632|61801965	sus_circATRX_131	2.85760753494465	-0.569750091596232	14.7195996712496	0.000124742788080241	1	0.0242257335769105
X:8634048|8657982	sus_circENSSSCG00000048531_3	3.51647000648131	-3.9971387150347	13.3880906691173	0.000253227035349528	1	0.0392429783167776
